image_name,n_participants_target,target_crr,target_hr,target_far,target_hit,target_miss,target_fa,target_cr,n_participants_filler,filler_hit,filler_miss,filler_fa,filler_cr
0000.jpg,45,0.7999999999999999,0.8222222222222222,0.022222222222222223,37,8,1,44,92,3,3,8,84
0001.jpg,33,0.7272727272727273,0.8484848484848485,0.12121212121212122,28,5,4,29,88,8,2,12,76
0002.jpg,41,0.43902439024390244,0.7317073170731707,0.2926829268292683,30,11,12,29,86,11,2,33,53
0003.jpg,34,0.5294117647058822,0.8823529411764706,0.35294117647058826,30,4,12,22,100,9,3,21,79
0004.jpg,61,0.39344262295081966,0.5245901639344263,0.13114754098360656,32,29,8,53,105,5,8,7,98
0005.jpg,40,0.475,0.625,0.15,25,15,6,34,91,7,4,12,79
0006.jpg,40,0.825,0.95,0.125,38,2,5,35,95,10,0,12,83
0007.jpg,45,0.7999999999999999,0.8888888888888888,0.08888888888888889,40,5,4,41,90,5,2,9,81
0008.jpg,44,0.5681818181818181,0.7954545454545454,0.22727272727272727,35,9,10,34,90,10,5,31,59
0009.jpg,62,0.7096774193548387,0.8387096774193549,0.12903225806451613,52,10,8,54,108,9,1,21,87
0010.jpg,42,0.6428571428571429,0.8095238095238095,0.16666666666666666,34,8,7,35,100,9,1,18,82
0011.jpg,36,0.5555555555555556,0.8055555555555556,0.25,29,7,9,27,102,11,4,33,69
0012.jpg,41,0.4146341463414634,0.7073170731707317,0.2926829268292683,29,12,12,29,105,6,5,21,84
0013.jpg,41,0.5365853658536586,0.7560975609756098,0.21951219512195122,31,10,9,32,108,5,3,14,94
0014.jpg,46,0.5869565217391305,0.782608695652174,0.1956521739130435,36,10,9,37,97,7,4,25,72
0015.jpg,40,0.5249999999999999,0.7,0.175,28,12,7,33,86,9,0,12,74
0016.jpg,41,0.6341463414634148,0.926829268292683,0.2926829268292683,38,3,12,29,109,12,1,22,87
0017.jpg,27,0.6666666666666666,0.8148148148148148,0.14814814814814814,22,5,4,23,109,8,1,21,88
0018.jpg,48,0.5833333333333334,0.6875,0.10416666666666667,33,15,5,43,104,6,2,8,96
0019.jpg,39,0.6153846153846154,0.7692307692307693,0.15384615384615385,30,9,6,33,91,5,2,11,80
0020.jpg,37,0.3513513513513513,0.7837837837837838,0.43243243243243246,29,8,16,21,105,8,1,37,68
0021.jpg,45,0.4666666666666667,0.5555555555555556,0.08888888888888889,25,20,4,41,97,15,5,12,85
0022.jpg,47,0.7234042553191489,0.8936170212765957,0.1702127659574468,42,5,8,39,90,11,0,8,82
0023.jpg,41,0.7317073170731707,0.7317073170731707,0.0,30,11,0,41,93,14,3,7,86
0024.jpg,39,0.6923076923076923,0.7692307692307693,0.07692307692307693,30,9,3,36,112,13,3,3,109
0025.jpg,31,0.4516129032258065,0.5806451612903226,0.12903225806451613,18,13,4,27,97,7,4,19,78
0026.jpg,42,0.7857142857142857,0.8809523809523809,0.09523809523809523,37,5,4,38,93,5,5,14,79
0027.jpg,27,0.5555555555555556,0.7037037037037037,0.14814814814814814,19,8,4,23,106,9,0,21,85
0028.jpg,42,0.42857142857142855,0.7619047619047619,0.3333333333333333,32,10,14,28,103,13,5,42,61
0029.jpg,44,0.6363636363636364,0.7954545454545454,0.1590909090909091,35,9,7,37,93,10,5,13,80
0030.jpg,39,0.5641025641025641,0.6410256410256411,0.07692307692307693,25,14,3,36,89,9,6,7,82
0031.jpg,40,0.725,0.85,0.125,34,6,5,35,92,8,2,9,83
0032.jpg,48,0.6041666666666667,0.8333333333333334,0.22916666666666666,40,8,11,37,98,5,7,23,75
0033.jpg,45,0.4666666666666667,0.8444444444444444,0.37777777777777777,38,7,17,28,107,5,2,18,89
0034.jpg,41,0.5853658536585367,0.7804878048780488,0.1951219512195122,32,9,8,33,94,6,5,19,75
0035.jpg,41,0.6097560975609757,0.6829268292682927,0.07317073170731707,28,13,3,38,88,8,4,5,83
0036.jpg,42,0.4523809523809524,0.6904761904761905,0.23809523809523808,29,13,10,32,87,9,5,25,62
0037.jpg,46,0.43478260869565216,0.5434782608695652,0.10869565217391304,25,21,5,41,92,7,3,14,78
0038.jpg,37,0.5945945945945946,0.6486486486486487,0.05405405405405406,24,13,2,35,90,5,2,6,84
0039.jpg,40,0.65,0.775,0.125,31,9,5,35,101,13,2,16,85
0040.jpg,40,0.8,0.9,0.1,36,4,4,36,99,11,1,7,92
0041.jpg,33,0.48484848484848486,0.7272727272727273,0.24242424242424243,24,9,8,25,99,7,1,30,69
0042.jpg,36,0.6111111111111112,0.75,0.1388888888888889,27,9,5,31,107,9,1,12,95
0043.jpg,43,0.6976744186046511,0.8604651162790697,0.16279069767441862,37,6,7,36,97,7,4,23,74
0044.jpg,50,0.5,0.8,0.3,40,10,15,35,83,15,1,25,58
0045.jpg,58,0.4137931034482759,0.9137931034482759,0.5,53,5,29,29,70,8,0,26,44
0046.jpg,35,0.42857142857142855,0.8571428571428571,0.42857142857142855,30,5,15,20,89,13,3,30,59
0047.jpg,32,0.59375,0.8125,0.21875,26,6,7,25,110,12,2,18,92
0048.jpg,42,0.3333333333333333,0.5714285714285714,0.23809523809523808,24,18,10,32,78,3,6,10,68
0049.jpg,32,0.625,0.90625,0.28125,29,3,9,23,86,9,3,35,51
0050.jpg,38,0.6578947368421053,0.8157894736842105,0.15789473684210525,31,7,6,32,88,3,2,18,70
0051.jpg,41,0.6097560975609756,0.7804878048780488,0.17073170731707318,32,9,7,34,105,6,5,21,84
0052.jpg,41,0.41463414634146345,0.5121951219512195,0.0975609756097561,21,20,4,37,103,9,3,21,82
0053.jpg,28,0.4285714285714286,0.9285714285714286,0.5,26,2,14,14,97,12,3,39,58
0054.jpg,53,0.45283018867924524,0.7358490566037735,0.2830188679245283,39,14,15,38,99,11,2,28,71
0055.jpg,46,0.6086956521739131,0.8043478260869565,0.1956521739130435,37,9,9,37,99,10,4,28,71
0056.jpg,42,0.7380952380952381,0.9047619047619048,0.16666666666666666,38,4,7,35,86,14,0,16,70
0057.jpg,48,0.41666666666666674,0.6458333333333334,0.22916666666666666,31,17,11,37,107,4,8,16,91
0058.jpg,43,0.7906976744186046,0.8604651162790697,0.06976744186046512,37,6,3,40,85,8,0,9,76
0059.jpg,40,0.675,0.925,0.25,37,3,10,30,107,16,1,28,79
0060.jpg,42,0.8333333333333333,0.8809523809523809,0.047619047619047616,37,5,2,40,104,10,7,15,89
0061.jpg,43,0.7441860465116279,0.8604651162790697,0.11627906976744186,37,6,5,38,93,7,3,8,85
0062.jpg,47,0.5531914893617021,0.7021276595744681,0.14893617021276595,33,14,7,40,105,13,2,14,91
0063.jpg,44,0.8863636363636364,0.9318181818181818,0.045454545454545456,41,3,2,42,100,9,0,10,90
0064.jpg,36,0.5,0.6944444444444444,0.19444444444444445,25,11,7,29,79,7,5,12,67
0065.jpg,46,0.30434782608695654,0.782608695652174,0.4782608695652174,36,10,22,24,103,13,3,32,71
0066.jpg,44,0.6136363636363636,0.8181818181818182,0.20454545454545456,36,8,9,35,100,10,1,26,74
0067.jpg,46,0.49999999999999994,0.7391304347826086,0.2391304347826087,34,12,11,35,83,8,2,29,54
0068.jpg,50,0.64,0.8,0.16,40,10,8,42,83,5,4,14,69
0069.jpg,40,0.6499999999999999,0.825,0.175,33,7,7,33,102,7,1,12,90
0070.jpg,44,0.5,0.6363636363636364,0.13636363636363635,28,16,6,38,105,6,4,13,92
0071.jpg,50,0.62,0.86,0.24,43,7,12,38,82,3,2,24,58
0072.jpg,38,0.5526315789473684,0.7105263157894737,0.15789473684210525,27,11,6,32,100,7,0,10,90
0073.jpg,53,0.6981132075471698,0.7169811320754716,0.018867924528301886,38,15,1,52,95,10,9,8,87
0074.jpg,55,0.5636363636363637,0.7818181818181819,0.21818181818181817,43,12,12,43,95,6,1,23,72
0075.jpg,39,0.5128205128205128,0.7435897435897436,0.23076923076923078,29,10,9,30,85,10,3,14,71
0076.jpg,45,0.5333333333333333,0.7555555555555555,0.2222222222222222,34,11,10,35,83,13,4,21,62
0077.jpg,45,0.6000000000000001,0.8666666666666667,0.26666666666666666,39,6,12,33,102,5,4,15,87
0078.jpg,51,0.5686274509803921,0.8235294117647058,0.2549019607843137,42,9,13,38,105,8,6,24,81
0079.jpg,45,0.6888888888888889,0.7777777777777778,0.08888888888888889,35,10,4,41,87,4,0,10,77
0080.jpg,52,0.6153846153846154,0.8653846153846154,0.25,45,7,13,39,89,8,5,35,54
0081.jpg,40,0.425,0.6,0.175,24,16,7,33,101,6,3,14,87
0082.jpg,34,0.5588235294117647,0.7058823529411765,0.14705882352941177,24,10,5,29,90,7,5,23,67
0083.jpg,40,0.7250000000000001,0.925,0.2,37,3,8,32,108,7,2,26,82
0084.jpg,35,0.4285714285714286,0.7142857142857143,0.2857142857142857,25,10,10,25,86,6,3,14,72
0085.jpg,44,0.6363636363636364,0.7727272727272727,0.13636363636363635,34,10,6,38,78,5,1,10,68
0086.jpg,44,0.6363636363636364,0.8409090909090909,0.20454545454545456,37,7,9,35,96,7,2,21,75
0087.jpg,48,0.6041666666666666,0.75,0.14583333333333334,36,12,7,41,88,6,1,17,71
0088.jpg,44,0.7272727272727273,0.8863636363636364,0.1590909090909091,39,5,7,37,111,10,3,24,87
0089.jpg,38,0.4210526315789474,0.7894736842105263,0.3684210526315789,30,8,14,24,91,12,3,28,63
0090.jpg,39,0.358974358974359,0.5641025641025641,0.20512820512820512,22,17,8,31,105,10,2,32,73
0091.jpg,32,0.71875,0.90625,0.1875,29,3,6,26,99,6,4,21,78
0092.jpg,48,0.5208333333333333,0.7291666666666666,0.20833333333333334,35,13,10,38,103,11,3,20,83
0093.jpg,41,0.6585365853658537,0.8048780487804879,0.14634146341463414,33,8,6,35,112,12,1,37,75
0094.jpg,40,0.775,0.85,0.075,34,6,3,37,101,8,1,9,92
0095.jpg,40,0.725,0.85,0.125,34,6,5,35,98,14,3,11,87
0096.jpg,45,0.5555555555555556,0.6444444444444445,0.08888888888888889,29,16,4,41,88,7,3,8,80
0097.jpg,37,0.6486486486486487,0.8648648648648649,0.21621621621621623,32,5,8,29,79,10,1,20,59
0098.jpg,45,0.5777777777777778,0.7111111111111111,0.13333333333333333,32,13,6,39,93,4,2,14,79
0099.jpg,50,0.64,0.8,0.16,40,10,8,42,104,14,1,16,88
0100.jpg,39,0.48717948717948717,0.8717948717948718,0.38461538461538464,34,5,15,24,111,10,0,55,56
0101.jpg,42,0.4523809523809524,0.7857142857142857,0.3333333333333333,33,9,14,28,98,7,3,37,61
0102.jpg,32,0.5,0.84375,0.34375,27,5,11,21,92,12,5,26,66
0103.jpg,41,0.4878048780487805,0.6097560975609756,0.12195121951219512,25,16,5,36,91,8,5,24,67
0104.jpg,34,0.3235294117647059,0.5882352941176471,0.2647058823529412,20,14,9,25,104,13,3,19,85
0105.jpg,45,0.5111111111111111,0.8222222222222222,0.3111111111111111,37,8,14,31,96,11,1,31,65
0106.jpg,45,0.6000000000000001,0.8666666666666667,0.26666666666666666,39,6,12,33,89,8,1,27,62
0107.jpg,38,0.7894736842105263,0.868421052631579,0.07894736842105263,33,5,3,35,95,8,1,6,89
0108.jpg,35,0.3142857142857143,0.6857142857142857,0.37142857142857144,24,11,13,22,106,10,2,21,85
0109.jpg,43,0.6976744186046512,0.8372093023255814,0.13953488372093023,36,7,6,37,97,9,1,5,92
0110.jpg,43,0.627906976744186,0.8372093023255814,0.20930232558139536,36,7,9,34,94,12,3,19,75
0111.jpg,34,0.38235294117647056,0.7941176470588235,0.4117647058823529,27,7,14,20,81,10,3,16,65
0112.jpg,45,0.7333333333333334,0.8666666666666667,0.13333333333333333,39,6,6,39,111,8,0,11,100
0113.jpg,48,0.75,0.875,0.125,42,6,6,42,99,7,3,16,83
0114.jpg,44,0.5227272727272727,0.5909090909090909,0.06818181818181818,26,18,3,41,92,5,4,12,80
0115.jpg,46,0.6521739130434783,0.7608695652173914,0.10869565217391304,35,11,5,41,78,5,3,10,68
0116.jpg,49,0.653061224489796,0.8163265306122449,0.16326530612244897,40,9,8,41,93,10,5,17,76
0117.jpg,40,0.575,0.75,0.175,30,10,7,33,102,10,1,18,84
0118.jpg,38,0.5526315789473685,0.7631578947368421,0.21052631578947367,29,9,8,30,114,10,0,17,97
0119.jpg,42,0.7380952380952381,0.8809523809523809,0.14285714285714285,37,5,6,36,111,14,2,37,74
0120.jpg,41,0.5121951219512195,0.6585365853658537,0.14634146341463414,27,14,6,35,81,6,3,15,66
0121.jpg,27,0.7407407407407407,0.7777777777777778,0.037037037037037035,21,6,1,26,109,14,7,13,96
0122.jpg,52,0.8269230769230769,0.8461538461538461,0.019230769230769232,44,8,1,51,90,9,5,10,80
0123.jpg,42,0.5714285714285714,0.7619047619047619,0.19047619047619047,32,10,8,34,81,9,3,19,62
0124.jpg,41,0.4390243902439024,0.5853658536585366,0.14634146341463414,24,17,6,35,106,6,3,16,90
0125.jpg,47,0.2765957446808511,0.5531914893617021,0.2765957446808511,26,21,13,34,101,11,6,22,79
0126.jpg,39,0.5641025641025641,0.8205128205128205,0.2564102564102564,32,7,10,29,95,6,4,24,71
0127.jpg,49,0.5918367346938775,0.8775510204081632,0.2857142857142857,43,6,14,35,89,9,2,24,65
0128.jpg,35,0.48571428571428577,0.7714285714285715,0.2857142857142857,27,8,10,25,105,14,2,24,81
0129.jpg,48,0.6666666666666666,0.75,0.08333333333333333,36,12,4,44,94,11,1,15,79
0130.jpg,30,0.5333333333333333,0.6,0.06666666666666667,18,12,2,28,99,7,7,11,88
0131.jpg,44,0.6590909090909092,0.8181818181818182,0.1590909090909091,36,8,7,37,114,10,4,10,104
0132.jpg,44,0.5681818181818181,0.6363636363636364,0.06818181818181818,28,16,3,41,92,10,6,3,89
0133.jpg,42,0.5238095238095237,0.7619047619047619,0.23809523809523808,32,10,10,32,110,6,6,24,86
0134.jpg,42,0.6904761904761905,0.8571428571428571,0.16666666666666666,36,6,7,35,90,12,2,14,76
0135.jpg,44,0.5227272727272727,0.6136363636363636,0.09090909090909091,27,17,4,40,91,4,6,18,73
0136.jpg,38,0.5789473684210527,0.7105263157894737,0.13157894736842105,27,11,5,33,88,6,0,12,76
0137.jpg,44,0.3181818181818182,0.5,0.18181818181818182,22,22,8,36,93,3,2,10,83
0138.jpg,27,0.48148148148148145,0.6666666666666666,0.18518518518518517,18,9,5,22,92,5,8,9,83
0139.jpg,37,0.3243243243243243,0.5675675675675675,0.24324324324324326,21,16,9,28,84,8,3,17,67
0140.jpg,41,0.46341463414634154,0.6829268292682927,0.21951219512195122,28,13,9,32,104,15,9,13,91
0141.jpg,49,0.510204081632653,0.7755102040816326,0.2653061224489796,38,11,13,36,106,15,2,25,81
0142.jpg,44,0.4772727272727272,0.6818181818181818,0.20454545454545456,30,14,9,35,88,5,2,26,62
0143.jpg,33,0.8181818181818182,0.8484848484848485,0.030303030303030304,28,5,1,32,98,4,2,8,90
0144.jpg,38,0.9210526315789473,0.9473684210526315,0.02631578947368421,36,2,1,37,93,9,1,13,80
0145.jpg,34,0.6176470588235294,0.7352941176470589,0.11764705882352941,25,9,4,30,84,6,6,10,74
0146.jpg,48,0.6666666666666666,0.75,0.08333333333333333,36,12,4,44,95,10,3,11,84
0147.jpg,45,0.5555555555555555,0.7333333333333333,0.17777777777777778,33,12,8,37,95,4,5,13,82
0148.jpg,32,0.8125,0.90625,0.09375,29,3,3,29,104,15,2,16,88
0149.jpg,35,0.657142857142857,0.8571428571428571,0.2,30,5,7,28,110,13,3,23,87
0150.jpg,35,0.6,0.6857142857142857,0.08571428571428572,24,11,3,32,86,7,4,12,74
0151.jpg,46,0.5869565217391304,0.6956521739130435,0.10869565217391304,32,14,5,41,88,8,5,9,79
0152.jpg,41,0.5609756097560976,0.6829268292682927,0.12195121951219512,28,13,5,36,91,10,1,19,72
0153.jpg,39,0.5384615384615384,0.6923076923076923,0.15384615384615385,27,12,6,33,104,8,4,26,78
0154.jpg,42,0.8333333333333333,0.9523809523809523,0.11904761904761904,40,2,5,37,78,7,0,17,61
0155.jpg,40,0.6000000000000001,0.8,0.2,32,8,8,32,101,7,2,30,71
0156.jpg,46,0.5217391304347826,0.6304347826086957,0.10869565217391304,29,17,5,41,92,9,4,13,79
0157.jpg,40,0.6000000000000001,0.775,0.175,31,9,7,33,97,9,4,24,73
0158.jpg,47,0.7659574468085106,0.8297872340425532,0.06382978723404255,39,8,3,44,100,10,2,6,94
0159.jpg,40,0.725,0.85,0.125,34,6,5,35,90,14,4,10,80
0160.jpg,37,0.5135135135135135,0.5675675675675675,0.05405405405405406,21,16,2,35,83,9,5,8,75
0161.jpg,47,0.553191489361702,0.8297872340425532,0.2765957446808511,39,8,13,34,106,9,8,23,83
0162.jpg,40,0.625,0.875,0.25,35,5,10,30,94,5,3,22,72
0163.jpg,45,0.6222222222222222,0.8666666666666667,0.24444444444444444,39,6,11,34,90,10,1,15,75
0164.jpg,46,0.5,0.6521739130434783,0.15217391304347827,30,16,7,39,110,12,2,23,87
0165.jpg,36,0.36111111111111105,0.6666666666666666,0.3055555555555556,24,12,11,25,90,5,3,26,64
0166.jpg,52,0.3076923076923077,0.75,0.4423076923076923,39,13,23,29,98,11,1,38,60
0167.jpg,39,0.8717948717948718,0.9230769230769231,0.05128205128205128,36,3,2,37,82,10,5,7,75
0168.jpg,43,0.627906976744186,0.7906976744186046,0.16279069767441862,34,9,7,36,83,8,4,16,67
0169.jpg,44,0.6818181818181818,0.9318181818181818,0.25,41,3,11,33,101,13,1,24,77
0170.jpg,40,0.5750000000000001,0.65,0.075,26,14,3,37,89,10,3,17,72
0171.jpg,48,0.5,0.7083333333333334,0.20833333333333334,34,14,10,38,102,7,2,20,82
0172.jpg,57,0.43859649122807015,0.7017543859649122,0.2631578947368421,40,17,15,42,109,6,1,24,85
0173.jpg,36,0.6666666666666666,0.6666666666666666,0.0,24,12,0,36,90,11,5,7,83
0174.jpg,47,0.44680851063829785,0.5957446808510638,0.14893617021276595,28,19,7,40,95,9,5,10,85
0175.jpg,42,0.5952380952380953,0.8333333333333334,0.23809523809523808,35,7,10,32,80,10,1,14,66
0176.jpg,47,0.46808510638297873,0.6382978723404256,0.1702127659574468,30,17,8,39,97,11,7,17,80
0177.jpg,46,0.5869565217391305,0.782608695652174,0.1956521739130435,36,10,9,37,94,10,3,6,88
0178.jpg,42,0.6428571428571429,0.7142857142857143,0.07142857142857142,30,12,3,39,106,6,10,7,99
0179.jpg,39,0.4615384615384615,0.5384615384615384,0.07692307692307693,21,18,3,36,83,6,6,12,71
0180.jpg,42,0.8095238095238095,0.8571428571428571,0.047619047619047616,36,6,2,40,100,14,3,8,92
0181.jpg,34,0.4705882352941177,0.6764705882352942,0.20588235294117646,23,11,7,27,110,15,3,22,88
0182.jpg,45,0.6666666666666667,0.7111111111111111,0.044444444444444446,32,13,2,43,99,4,8,3,96
0183.jpg,44,0.7727272727272727,0.7954545454545454,0.022727272727272728,35,9,1,43,99,9,5,15,84
0184.jpg,36,0.5833333333333333,0.6666666666666666,0.08333333333333333,24,12,3,33,98,5,4,10,88
0185.jpg,39,0.6410256410256411,0.7692307692307693,0.1282051282051282,30,9,5,34,81,5,3,13,68
0186.jpg,42,0.5714285714285715,0.7380952380952381,0.16666666666666666,31,11,7,35,90,11,2,13,77
0187.jpg,47,0.4680851063829787,0.5106382978723404,0.0425531914893617,24,23,2,45,79,1,6,10,69
0188.jpg,49,0.5918367346938775,0.8163265306122449,0.22448979591836735,40,9,11,38,103,12,3,8,95
0189.jpg,48,0.6666666666666667,0.7083333333333334,0.041666666666666664,34,14,2,46,104,11,8,10,94
0190.jpg,44,0.6363636363636364,0.7272727272727273,0.09090909090909091,32,12,4,40,84,4,6,13,71
0191.jpg,41,0.36585365853658536,0.5365853658536586,0.17073170731707318,22,19,7,34,118,13,1,23,95
0192.jpg,37,0.6756756756756757,0.8378378378378378,0.16216216216216217,31,6,6,31,110,9,3,18,92
0193.jpg,42,0.38095238095238093,0.7619047619047619,0.38095238095238093,32,10,16,26,100,7,3,28,72
0194.jpg,52,0.673076923076923,0.8269230769230769,0.15384615384615385,43,9,8,44,73,8,2,15,58
0195.jpg,49,0.4897959183673469,0.6530612244897959,0.16326530612244897,32,17,8,41,98,10,5,8,90
0196.jpg,40,0.725,0.825,0.1,33,7,4,36,94,8,4,22,72
0197.jpg,43,0.627906976744186,0.7441860465116279,0.11627906976744186,32,11,5,38,86,2,7,17,69
0198.jpg,45,0.4444444444444444,0.6888888888888889,0.24444444444444444,31,14,11,34,82,6,3,14,68
0199.jpg,42,0.8571428571428572,0.9047619047619048,0.047619047619047616,38,4,2,40,107,10,0,18,89
0200.jpg,45,0.5555555555555556,0.6444444444444445,0.08888888888888889,29,16,4,41,89,7,2,7,82
0201.jpg,36,0.6944444444444444,0.8055555555555556,0.1111111111111111,29,7,4,32,107,6,3,17,90
0202.jpg,47,0.7021276595744681,0.7872340425531915,0.0851063829787234,37,10,4,43,92,9,3,10,82
0203.jpg,43,0.627906976744186,0.7906976744186046,0.16279069767441862,34,9,7,36,116,10,6,20,96
0204.jpg,45,0.6222222222222222,0.8,0.17777777777777778,36,9,8,37,90,9,6,12,78
0205.jpg,34,0.5588235294117647,0.7058823529411765,0.14705882352941177,24,10,5,29,90,5,4,7,83
0206.jpg,40,0.775,0.85,0.075,34,6,3,37,95,13,5,7,88
0207.jpg,46,0.6086956521739131,0.7608695652173914,0.15217391304347827,35,11,7,39,90,7,3,9,81
0208.jpg,49,0.673469387755102,0.7142857142857143,0.04081632653061224,35,14,2,47,84,8,2,11,73
0209.jpg,47,0.5531914893617021,0.7021276595744681,0.14893617021276595,33,14,7,40,105,7,5,10,95
0210.jpg,30,0.46666666666666673,0.8333333333333334,0.36666666666666664,25,5,11,19,108,12,5,27,81
0211.jpg,43,0.5348837209302326,0.627906976744186,0.09302325581395349,27,16,4,39,93,10,9,12,81
0212.jpg,34,0.5882352941176471,0.7058823529411765,0.11764705882352941,24,10,4,30,89,14,1,11,78
0213.jpg,41,0.43902439024390244,0.6341463414634146,0.1951219512195122,26,15,8,33,90,6,1,12,78
0214.jpg,38,0.42105263157894735,0.5,0.07894736842105263,19,19,3,35,82,6,2,10,72
0215.jpg,40,0.825,0.85,0.025,34,6,1,39,92,9,2,8,84
0216.jpg,39,0.717948717948718,0.7692307692307693,0.05128205128205128,30,9,2,37,96,9,2,9,87
0217.jpg,49,0.4897959183673469,0.5918367346938775,0.10204081632653061,29,20,5,44,96,6,7,6,90
0218.jpg,63,0.7142857142857143,0.8095238095238095,0.09523809523809523,51,12,6,57,114,10,3,12,102
0219.jpg,42,0.4523809523809524,0.5952380952380952,0.14285714285714285,25,17,6,36,95,6,6,14,81
0220.jpg,43,0.6046511627906976,0.7674418604651163,0.16279069767441862,33,10,7,36,83,8,3,13,70
0221.jpg,56,0.5,0.7857142857142857,0.2857142857142857,44,12,16,40,109,9,6,25,84
0222.jpg,41,0.5853658536585367,0.6585365853658537,0.07317073170731707,27,14,3,38,99,4,7,6,93
0223.jpg,42,0.7380952380952381,0.7380952380952381,0.0,31,11,0,42,85,11,1,6,79
0224.jpg,43,0.4651162790697675,0.5813953488372093,0.11627906976744186,25,18,5,38,104,6,7,17,87
0225.jpg,36,0.8055555555555556,0.8611111111111112,0.05555555555555555,31,5,2,34,99,10,0,19,80
0226.jpg,48,0.875,0.9375,0.0625,45,3,3,45,97,11,1,5,92
0227.jpg,42,0.5,0.7380952380952381,0.23809523809523808,31,11,10,32,108,16,3,24,84
0228.jpg,55,0.23636363636363633,0.43636363636363634,0.2,24,31,11,44,76,4,4,13,63
0229.jpg,53,0.6603773584905661,0.8301886792452831,0.16981132075471697,44,9,9,44,90,6,2,22,68
0230.jpg,50,0.42000000000000004,0.54,0.12,27,23,6,44,84,8,4,15,69
0231.jpg,46,0.5434782608695653,0.6086956521739131,0.06521739130434782,28,18,3,43,83,7,5,13,70
0232.jpg,47,0.8085106382978724,0.851063829787234,0.0425531914893617,40,7,2,45,83,7,1,5,78
0233.jpg,42,0.7619047619047619,0.8571428571428571,0.09523809523809523,36,6,4,38,95,5,1,16,79
0234.jpg,35,0.37142857142857144,0.45714285714285713,0.08571428571428572,16,19,3,32,91,5,4,12,79
0235.jpg,33,0.48484848484848486,0.6363636363636364,0.15151515151515152,21,12,5,28,108,6,2,14,94
0236.jpg,59,0.6610169491525424,0.7966101694915254,0.13559322033898305,47,12,8,51,93,11,1,11,82
0237.jpg,45,0.48888888888888893,0.7777777777777778,0.28888888888888886,35,10,13,32,87,10,4,20,67
0238.jpg,30,0.5666666666666667,0.8666666666666667,0.3,26,4,9,21,100,8,2,26,74
0239.jpg,40,0.525,0.75,0.225,30,10,9,31,96,6,7,12,84
0240.jpg,42,0.761904761904762,0.8333333333333334,0.07142857142857142,35,7,3,39,92,12,4,7,85
0241.jpg,38,0.4736842105263158,0.6578947368421053,0.18421052631578946,25,13,7,31,102,5,8,14,88
0242.jpg,52,0.6153846153846154,0.6730769230769231,0.057692307692307696,35,17,3,49,95,4,6,6,89
0243.jpg,37,0.7837837837837838,0.8108108108108109,0.02702702702702703,30,7,1,36,97,12,4,10,87
0244.jpg,55,0.4909090909090909,0.6909090909090909,0.2,38,17,11,44,94,14,0,13,81
0245.jpg,42,0.6666666666666667,0.8333333333333334,0.16666666666666666,35,7,7,35,84,8,4,22,62
0246.jpg,38,0.8157894736842105,0.8421052631578947,0.02631578947368421,32,6,1,37,98,5,5,6,92
0247.jpg,35,0.5428571428571429,0.6857142857142857,0.14285714285714285,24,11,5,30,81,6,5,13,68
0248.jpg,34,0.5882352941176471,0.7058823529411765,0.11764705882352941,24,10,4,30,104,1,2,21,83
0249.jpg,36,0.47222222222222227,0.5833333333333334,0.1111111111111111,21,15,4,32,90,5,9,4,86
0250.jpg,44,0.4772727272727273,0.7045454545454546,0.22727272727272727,31,13,10,34,96,8,3,33,63
0251.jpg,37,0.6756756756756757,0.8378378378378378,0.16216216216216217,31,6,6,31,113,7,3,11,102
0252.jpg,31,0.4838709677419355,0.7419354838709677,0.25806451612903225,23,8,8,23,108,8,5,17,91
0253.jpg,41,0.5853658536585367,0.6585365853658537,0.07317073170731707,27,14,3,38,96,10,1,16,80
0254.jpg,42,0.5952380952380952,0.6904761904761905,0.09523809523809523,29,13,4,38,82,9,7,13,69
0255.jpg,46,0.6304347826086957,0.8043478260869565,0.17391304347826086,37,9,8,38,91,7,2,18,73
0256.jpg,44,0.7045454545454546,0.75,0.045454545454545456,33,11,2,42,84,9,3,3,81
0257.jpg,45,0.6444444444444445,0.8,0.15555555555555556,36,9,7,38,114,14,1,20,94
0258.jpg,41,0.6585365853658537,0.7804878048780488,0.12195121951219512,32,9,5,36,89,13,4,10,79
0259.jpg,35,0.5714285714285714,0.7142857142857143,0.14285714285714285,25,10,5,30,86,6,3,5,81
0260.jpg,34,0.47058823529411764,0.6176470588235294,0.14705882352941177,21,13,5,29,125,4,6,23,102
0261.jpg,26,0.2692307692307693,0.38461538461538464,0.11538461538461539,10,16,3,23,101,5,3,12,89
0262.jpg,41,0.7317073170731707,0.8536585365853658,0.12195121951219512,35,6,5,36,107,6,2,14,93
0263.jpg,41,0.21951219512195125,0.6829268292682927,0.4634146341463415,28,13,19,22,102,8,5,39,63
0264.jpg,27,0.25925925925925924,0.48148148148148145,0.2222222222222222,13,14,6,21,94,5,0,17,77
0265.jpg,39,0.48717948717948717,0.6923076923076923,0.20512820512820512,27,12,8,31,79,13,6,14,65
0266.jpg,36,0.4166666666666667,0.5555555555555556,0.1388888888888889,20,16,5,31,113,9,3,20,93
0267.jpg,37,0.45945945945945943,0.5675675675675675,0.10810810810810811,21,16,4,33,97,2,4,17,80
0268.jpg,52,0.5961538461538461,0.8076923076923077,0.21153846153846154,42,10,11,41,97,12,1,12,85
0269.jpg,43,0.7209302325581395,0.8604651162790697,0.13953488372093023,37,6,6,37,73,5,1,5,68
0270.jpg,50,0.64,0.78,0.14,39,11,7,43,89,13,3,16,73
0271.jpg,45,0.7111111111111111,0.8444444444444444,0.13333333333333333,38,7,6,39,95,8,0,20,75
0272.jpg,46,0.5,0.6739130434782609,0.17391304347826086,31,15,8,38,92,8,4,20,72
0273.jpg,53,0.39622641509433965,0.5660377358490566,0.16981132075471697,30,23,9,44,96,7,4,32,64
0274.jpg,56,0.2142857142857143,0.5892857142857143,0.375,33,23,21,35,82,8,4,32,50
0275.jpg,42,0.45238095238095244,0.5476190476190477,0.09523809523809523,23,19,4,38,92,7,4,16,76
0276.jpg,58,0.5862068965517241,0.7586206896551724,0.1724137931034483,44,14,10,48,115,7,5,21,94
0277.jpg,33,0.7272727272727273,0.8181818181818182,0.09090909090909091,27,6,3,30,87,11,2,11,76
0278.jpg,43,0.5813953488372092,0.7441860465116279,0.16279069767441862,32,11,7,36,71,2,2,9,62
0279.jpg,48,0.22916666666666663,0.6041666666666666,0.375,29,19,18,30,85,8,5,29,56
0280.jpg,46,0.34782608695652173,0.41304347826086957,0.06521739130434782,19,27,3,43,98,3,8,10,88
0281.jpg,60,0.4,0.5,0.1,30,30,6,54,81,7,4,15,66
0282.jpg,29,0.5517241379310345,0.7586206896551724,0.20689655172413793,22,7,6,23,103,7,3,27,76
0283.jpg,36,0.75,0.8055555555555556,0.05555555555555555,29,7,2,34,87,8,8,12,75
0284.jpg,48,0.7708333333333334,0.8125,0.041666666666666664,39,9,2,46,114,13,3,12,102
0285.jpg,48,0.625,0.75,0.125,36,12,6,42,106,2,6,6,100
0286.jpg,47,0.4255319148936171,0.8723404255319149,0.44680851063829785,41,6,21,26,87,9,5,33,54
0287.jpg,45,0.6444444444444444,0.7555555555555555,0.1111111111111111,34,11,5,40,101,9,0,11,90
0288.jpg,37,0.6486486486486487,0.7567567567567568,0.10810810810810811,28,9,4,33,72,3,4,17,55
0289.jpg,38,0.44736842105263164,0.5526315789473685,0.10526315789473684,21,17,4,34,94,10,2,11,83
0290.jpg,49,0.7346938775510204,0.8163265306122449,0.08163265306122448,40,9,4,45,95,13,3,13,82
0291.jpg,37,0.6756756756756757,0.7297297297297297,0.05405405405405406,27,10,2,35,96,11,5,4,92
0292.jpg,32,0.625,0.78125,0.15625,25,7,5,27,92,8,2,19,73
0293.jpg,53,0.5283018867924528,0.660377358490566,0.1320754716981132,35,18,7,46,92,12,6,8,84
0294.jpg,42,0.30952380952380953,0.47619047619047616,0.16666666666666666,20,22,7,35,101,11,7,16,85
0295.jpg,40,0.75,0.8,0.05,32,8,2,38,86,8,2,6,80
0296.jpg,51,0.45098039215686275,0.5882352941176471,0.13725490196078433,30,21,7,44,87,4,5,11,76
0297.jpg,41,0.3658536585365854,0.6829268292682927,0.3170731707317073,28,13,13,28,104,12,3,24,80
0298.jpg,45,0.35555555555555557,0.6222222222222222,0.26666666666666666,28,17,12,33,94,5,4,16,78
0299.jpg,46,0.5652173913043479,0.6304347826086957,0.06521739130434782,29,17,3,43,88,8,8,8,80
0300.jpg,39,0.3076923076923077,0.5897435897435898,0.28205128205128205,23,16,11,28,92,9,10,20,72
0301.jpg,37,0.4324324324324324,0.5675675675675675,0.13513513513513514,21,16,5,32,100,10,1,12,88
0302.jpg,49,0.5510204081632654,0.6326530612244898,0.08163265306122448,31,18,4,45,98,9,4,6,92
0303.jpg,50,0.8200000000000001,0.92,0.1,46,4,5,45,90,12,0,9,81
0304.jpg,51,0.5686274509803921,0.7254901960784313,0.1568627450980392,37,14,8,43,82,5,0,17,65
0305.jpg,53,0.7169811320754718,0.8113207547169812,0.09433962264150944,43,10,5,48,100,7,5,5,95
0306.jpg,40,0.625,0.725,0.1,29,11,4,36,100,15,1,9,91
0307.jpg,34,0.411764705882353,0.6470588235294118,0.23529411764705882,22,12,8,26,109,15,4,19,90
0308.jpg,40,0.525,0.675,0.15,27,13,6,34,90,4,7,11,79
0309.jpg,37,0.6216216216216217,0.7567567567567568,0.13513513513513514,28,9,5,32,95,5,4,15,80
0310.jpg,36,0.5,0.5555555555555556,0.05555555555555555,20,16,2,34,105,15,5,15,90
0311.jpg,45,0.3333333333333333,0.5333333333333333,0.2,24,21,9,36,94,7,5,17,77
0312.jpg,48,0.5416666666666666,0.625,0.08333333333333333,30,18,4,44,94,7,9,8,86
0313.jpg,48,0.6041666666666667,0.7708333333333334,0.16666666666666666,37,11,8,40,93,14,2,18,75
0314.jpg,39,0.25641025641025644,0.7435897435897436,0.48717948717948717,29,10,19,20,104,10,5,42,62
0315.jpg,45,0.5555555555555556,0.7555555555555555,0.2,34,11,9,36,84,4,1,17,67
0316.jpg,41,0.5609756097560976,0.7804878048780488,0.21951219512195122,32,9,9,32,88,7,3,21,67
0317.jpg,38,0.42105263157894735,0.5,0.07894736842105263,19,19,3,35,106,10,9,16,90
0318.jpg,47,0.4893617021276595,0.6595744680851063,0.1702127659574468,31,16,8,39,88,7,6,15,73
0319.jpg,34,0.29411764705882354,0.5,0.20588235294117646,17,17,7,27,86,6,4,10,76
0320.jpg,50,0.74,0.84,0.1,42,8,5,45,81,4,7,22,59
0321.jpg,41,0.4146341463414634,0.6097560975609756,0.1951219512195122,25,16,8,33,101,8,4,15,86
0322.jpg,46,0.17391304347826092,0.5869565217391305,0.41304347826086957,27,19,19,27,93,11,3,26,67
0323.jpg,42,0.6666666666666667,0.8095238095238095,0.14285714285714285,34,8,6,36,102,10,4,12,90
0324.jpg,40,0.8,0.875,0.075,35,5,3,37,99,13,4,5,94
0325.jpg,39,0.7435897435897436,0.7692307692307693,0.02564102564102564,30,9,1,38,88,5,4,11,77
0326.jpg,41,0.5853658536585367,0.6829268292682927,0.0975609756097561,28,13,4,37,90,7,7,6,84
0327.jpg,47,0.5957446808510638,0.7021276595744681,0.10638297872340426,33,14,5,42,86,6,3,19,67
0328.jpg,53,0.6226415094339622,0.6981132075471698,0.07547169811320754,37,16,4,49,84,12,5,10,74
0329.jpg,38,0.42105263157894735,0.6052631578947368,0.18421052631578946,23,15,7,31,98,8,8,15,83
0330.jpg,44,0.5681818181818181,0.6818181818181818,0.11363636363636363,30,14,5,39,95,12,8,7,88
0331.jpg,44,0.38636363636363635,0.4318181818181818,0.045454545454545456,19,25,2,42,97,4,13,9,88
0332.jpg,46,0.5,0.6086956521739131,0.10869565217391304,28,18,5,41,90,7,4,16,74
0333.jpg,52,0.5192307692307693,0.7115384615384616,0.19230769230769232,37,15,10,42,91,9,6,5,86
0334.jpg,46,0.26086956521739135,0.4782608695652174,0.21739130434782608,22,24,10,36,89,6,4,18,71
0335.jpg,32,0.5625,0.6875,0.125,22,10,4,28,99,13,5,34,65
0336.jpg,45,0.3555555555555555,0.7333333333333333,0.37777777777777777,33,12,17,28,90,7,2,25,65
0337.jpg,38,0.31578947368421056,0.7631578947368421,0.4473684210526316,29,9,17,21,94,4,4,40,54
0338.jpg,47,0.702127659574468,0.8085106382978723,0.10638297872340426,38,9,5,42,92,5,6,8,84
0339.jpg,48,0.35416666666666663,0.5625,0.20833333333333334,27,21,10,38,91,14,4,15,76
0340.jpg,43,0.7209302325581395,0.7906976744186046,0.06976744186046512,34,9,3,40,108,5,7,12,96
0341.jpg,40,0.475,0.75,0.275,30,10,11,29,102,7,4,28,74
0342.jpg,42,0.4761904761904763,0.6428571428571429,0.16666666666666666,27,15,7,35,92,7,6,17,75
0343.jpg,35,0.34285714285714286,0.4,0.05714285714285714,14,21,2,33,80,4,4,11,69
0344.jpg,41,0.2926829268292683,0.7560975609756098,0.4634146341463415,31,10,19,22,97,11,5,27,70
0345.jpg,44,0.2954545454545454,0.5,0.20454545454545456,22,22,9,35,96,8,7,19,77
0346.jpg,60,0.6833333333333333,0.8666666666666667,0.18333333333333332,52,8,11,49,82,7,2,16,66
0347.jpg,38,0.6052631578947368,0.631578947368421,0.02631578947368421,24,14,1,37,98,8,4,7,91
0348.jpg,50,0.72,0.76,0.04,38,12,2,48,100,6,2,8,92
0349.jpg,40,0.6000000000000001,0.775,0.175,31,9,7,33,102,8,7,23,79
0350.jpg,34,0.7352941176470588,0.7941176470588235,0.058823529411764705,27,7,2,32,115,14,1,2,113
0351.jpg,46,0.3043478260869565,0.6956521739130435,0.391304347826087,32,14,18,28,82,7,7,20,62
0352.jpg,38,0.4473684210526315,0.631578947368421,0.18421052631578946,24,14,7,31,86,2,2,11,75
0353.jpg,44,0.43181818181818177,0.6363636363636364,0.20454545454545456,28,16,9,35,88,6,2,22,66
0354.jpg,42,0.5,0.6428571428571429,0.14285714285714285,27,15,6,36,87,4,6,8,79
0355.jpg,53,0.41509433962264153,0.5849056603773585,0.16981132075471697,31,22,9,44,105,8,5,5,100
0356.jpg,46,0.5,0.6521739130434783,0.15217391304347827,30,16,7,39,103,8,4,8,95
0357.jpg,33,0.6363636363636365,0.9393939393939394,0.30303030303030304,31,2,10,23,105,10,1,39,66
0358.jpg,46,0.4130434782608696,0.6304347826086957,0.21739130434782608,29,17,10,36,119,13,3,30,89
0359.jpg,41,0.7560975609756098,0.8780487804878049,0.12195121951219512,36,5,5,36,119,17,4,27,92
0360.jpg,44,0.7272727272727273,0.7954545454545454,0.06818181818181818,35,9,3,41,101,6,6,15,86
0361.jpg,49,0.5510204081632654,0.7346938775510204,0.1836734693877551,36,13,9,40,90,7,4,9,81
0362.jpg,49,0.5714285714285714,0.7551020408163265,0.1836734693877551,37,12,9,40,91,8,2,7,84
0363.jpg,40,0.525,0.775,0.25,31,9,10,30,97,8,2,35,62
0364.jpg,43,0.39534883720930236,0.627906976744186,0.23255813953488372,27,16,10,33,80,3,3,22,58
0365.jpg,52,0.6923076923076923,0.7884615384615384,0.09615384615384616,41,11,5,47,106,8,3,18,88
0366.jpg,39,0.7948717948717948,0.8205128205128205,0.02564102564102564,32,7,1,38,94,10,4,7,87
0367.jpg,49,0.5306122448979592,0.6122448979591837,0.08163265306122448,30,19,4,45,89,4,9,7,82
0368.jpg,41,0.3414634146341463,0.7073170731707317,0.36585365853658536,29,12,15,26,106,11,4,39,67
0369.jpg,42,0.6428571428571428,0.7857142857142857,0.14285714285714285,33,9,6,36,83,8,5,10,73
0370.jpg,35,0.5428571428571428,0.6571428571428571,0.11428571428571428,23,12,4,31,95,7,4,10,85
0371.jpg,39,0.4102564102564103,0.7692307692307693,0.358974358974359,30,9,14,25,108,9,5,36,72
0372.jpg,44,0.7727272727272727,0.8409090909090909,0.06818181818181818,37,7,3,41,88,6,0,4,84
0373.jpg,25,0.6000000000000001,0.68,0.08,17,8,2,23,91,7,6,12,79
0374.jpg,50,0.42,0.74,0.32,37,13,16,34,100,7,9,24,76
0375.jpg,45,0.5333333333333333,0.5777777777777777,0.044444444444444446,26,19,2,43,103,6,3,5,98
0376.jpg,37,0.4594594594594595,0.5945945945945946,0.13513513513513514,22,15,5,32,94,8,9,13,81
0377.jpg,46,0.6521739130434783,0.7391304347826086,0.08695652173913043,34,12,4,42,86,4,4,6,80
0378.jpg,45,0.37777777777777777,0.7777777777777778,0.4,35,10,18,27,107,12,7,48,59
0379.jpg,45,0.7999999999999999,0.8888888888888888,0.08888888888888889,40,5,4,41,106,17,5,12,94
0380.jpg,45,0.5555555555555556,0.6666666666666666,0.1111111111111111,30,15,5,40,107,9,1,12,95
0381.jpg,45,0.9111111111111112,0.9555555555555556,0.044444444444444446,43,2,2,43,113,12,0,7,106
0382.jpg,44,0.5681818181818181,0.6818181818181818,0.11363636363636363,30,14,5,39,88,8,6,11,77
0383.jpg,48,0.3958333333333333,0.8541666666666666,0.4583333333333333,41,7,22,26,100,7,4,36,64
0384.jpg,32,0.71875,0.71875,0.0,23,9,0,32,93,7,5,10,83
0385.jpg,37,0.6216216216216217,0.8108108108108109,0.1891891891891892,30,7,7,30,90,12,6,7,83
0386.jpg,40,0.44999999999999996,0.6,0.15,24,16,6,34,96,8,5,8,88
0387.jpg,46,0.4782608695652174,0.6739130434782609,0.1956521739130435,31,15,9,37,101,10,5,11,90
0388.jpg,41,0.5121951219512195,0.5121951219512195,0.0,21,20,0,41,97,7,3,6,91
0389.jpg,48,0.5416666666666666,0.7916666666666666,0.25,38,10,12,36,92,11,1,26,66
0390.jpg,50,0.7200000000000001,0.8,0.08,40,10,4,46,92,2,2,12,80
0391.jpg,41,0.5365853658536586,0.6341463414634146,0.0975609756097561,26,15,4,37,81,5,7,11,70
0392.jpg,54,0.42592592592592593,0.5740740740740741,0.14814814814814814,31,23,8,46,98,7,3,8,90
0393.jpg,43,0.5116279069767442,0.6976744186046512,0.18604651162790697,30,13,8,35,79,8,5,24,55
0394.jpg,53,0.7547169811320755,0.8679245283018868,0.11320754716981132,46,7,6,47,81,8,0,9,72
0395.jpg,48,0.3541666666666667,0.7708333333333334,0.4166666666666667,37,11,20,28,83,5,8,24,59
0396.jpg,35,0.6285714285714286,0.8857142857142857,0.2571428571428571,31,4,9,26,109,15,3,28,81
0397.jpg,48,0.625,0.7916666666666666,0.16666666666666666,38,10,8,40,91,4,2,24,67
0398.jpg,36,0.8888888888888888,0.9444444444444444,0.05555555555555555,34,2,2,34,102,6,2,12,90
0399.jpg,39,0.20512820512820518,0.717948717948718,0.5128205128205128,28,11,20,19,110,8,1,51,59
0400.jpg,38,0.3947368421052632,0.868421052631579,0.47368421052631576,33,5,18,20,99,13,3,25,74
0401.jpg,50,0.41999999999999993,0.7,0.28,35,15,14,36,94,8,1,31,63
0402.jpg,42,0.4523809523809524,0.7142857142857143,0.2619047619047619,30,12,11,31,86,7,3,17,69
0403.jpg,45,0.4,0.4666666666666667,0.06666666666666667,21,24,3,42,90,7,6,11,79
0404.jpg,31,0.3225806451612903,0.6129032258064516,0.2903225806451613,19,12,9,22,91,5,1,39,52
0405.jpg,56,0.5,0.75,0.25,42,14,14,42,88,16,1,22,66
0406.jpg,47,0.5957446808510639,0.723404255319149,0.1276595744680851,34,13,6,41,91,8,3,8,83
0407.jpg,40,0.875,0.9,0.025,36,4,1,39,91,6,4,5,86
0408.jpg,30,0.5666666666666667,0.7666666666666667,0.2,23,7,6,24,105,12,3,22,83
0409.jpg,42,0.380952380952381,0.6428571428571429,0.2619047619047619,27,15,11,31,104,5,5,33,71
0410.jpg,34,0.6176470588235294,0.7058823529411765,0.08823529411764706,24,10,3,31,109,15,3,15,94
0411.jpg,37,0.6756756756756757,0.7567567567567568,0.08108108108108109,28,9,3,34,94,7,5,12,82
0412.jpg,43,0.7209302325581395,0.8837209302325582,0.16279069767441862,38,5,7,36,101,12,5,14,87
0413.jpg,52,0.5,0.7884615384615384,0.28846153846153844,41,11,15,37,100,11,3,38,62
0414.jpg,34,0.6470588235294118,0.7352941176470589,0.08823529411764706,25,9,3,31,69,4,3,3,66
0415.jpg,30,0.6666666666666667,0.7666666666666667,0.1,23,7,3,27,83,13,2,7,76
0416.jpg,37,0.5405405405405406,0.5945945945945946,0.05405405405405406,22,15,2,35,84,8,0,3,81
0417.jpg,41,0.6585365853658537,0.7804878048780488,0.12195121951219512,32,9,5,36,79,10,2,9,70
0418.jpg,48,0.75,0.8333333333333334,0.08333333333333333,40,8,4,44,76,6,1,6,70
0419.jpg,39,0.41025641025641024,0.6923076923076923,0.28205128205128205,27,12,11,28,96,14,2,45,51
0420.jpg,49,0.30612244897959184,0.5306122448979592,0.22448979591836735,26,23,11,38,79,3,4,20,59
0421.jpg,46,0.5217391304347827,0.7608695652173914,0.2391304347826087,35,11,11,35,105,9,3,21,84
0422.jpg,44,0.6818181818181818,0.7954545454545454,0.11363636363636363,35,9,5,39,87,8,8,7,80
0423.jpg,44,0.4090909090909091,0.8409090909090909,0.4318181818181818,37,7,19,25,122,15,4,47,75
0424.jpg,40,0.35,0.575,0.225,23,17,9,31,88,6,4,22,66
0425.jpg,42,0.5476190476190477,0.8095238095238095,0.2619047619047619,34,8,11,31,83,7,2,8,75
0426.jpg,45,0.4666666666666667,0.7111111111111111,0.24444444444444444,32,13,11,34,77,11,6,18,59
0427.jpg,38,0.5,0.7368421052631579,0.23684210526315788,28,10,9,29,91,9,3,27,64
0428.jpg,55,0.5818181818181818,0.7272727272727273,0.14545454545454545,40,15,8,47,98,10,5,22,76
0429.jpg,43,0.4418604651162791,0.627906976744186,0.18604651162790697,27,16,8,35,73,7,5,9,64
0430.jpg,53,0.2830188679245283,0.5094339622641509,0.22641509433962265,27,26,12,41,103,3,7,18,85
0431.jpg,35,0.20000000000000007,0.8,0.6,28,7,21,14,100,8,0,53,47
0432.jpg,41,0.5609756097560976,0.7804878048780488,0.21951219512195122,32,9,9,32,129,9,5,27,102
0433.jpg,47,0.4893617021276596,0.5531914893617021,0.06382978723404255,26,21,3,44,87,7,5,11,76
0434.jpg,34,0.411764705882353,0.6176470588235294,0.20588235294117646,21,13,7,27,110,8,5,27,83
0435.jpg,34,0.5882352941176471,0.7058823529411765,0.11764705882352941,24,10,4,30,99,10,4,15,84
0436.jpg,40,0.55,0.65,0.1,26,14,4,36,83,4,2,21,62
0437.jpg,44,0.5227272727272727,0.7045454545454546,0.18181818181818182,31,13,8,36,96,9,1,19,77
0438.jpg,51,0.8627450980392157,0.9411764705882353,0.0784313725490196,48,3,4,47,100,9,4,4,96
0439.jpg,44,0.4318181818181819,0.7045454545454546,0.2727272727272727,31,13,12,32,74,8,3,11,63
0440.jpg,33,0.7272727272727273,0.8181818181818182,0.09090909090909091,27,6,3,30,91,6,1,11,80
0441.jpg,41,0.5365853658536586,0.7804878048780488,0.24390243902439024,32,9,10,31,92,9,3,22,70
0442.jpg,41,0.8292682926829268,0.8536585365853658,0.024390243902439025,35,6,1,40,96,6,1,23,73
0443.jpg,49,0.6938775510204082,0.7142857142857143,0.02040816326530612,35,14,1,48,99,10,2,6,93
0444.jpg,53,0.6037735849056605,0.7735849056603774,0.16981132075471697,41,12,9,44,77,4,3,16,61
0445.jpg,46,0.5652173913043479,0.782608695652174,0.21739130434782608,36,10,10,36,87,5,6,15,72
0446.jpg,48,0.5,0.8125,0.3125,39,9,15,33,101,4,6,31,70
0447.jpg,31,0.6129032258064516,0.7741935483870968,0.16129032258064516,24,7,5,26,103,8,0,35,68
0448.jpg,36,0.11111111111111105,0.6666666666666666,0.5555555555555556,24,12,20,16,79,6,3,27,52
0449.jpg,30,0.4,0.4666666666666667,0.06666666666666667,14,16,2,28,103,6,5,10,93
0450.jpg,35,0.2857142857142857,0.5428571428571428,0.2571428571428571,19,16,9,26,89,1,2,21,68
0451.jpg,33,0.696969696969697,0.7272727272727273,0.030303030303030304,24,9,1,32,83,9,6,15,68
0452.jpg,39,0.48717948717948717,0.6923076923076923,0.20512820512820512,27,12,8,31,106,5,2,9,97
0453.jpg,34,0.7058823529411764,0.7647058823529411,0.058823529411764705,26,8,2,32,110,11,3,7,103
0454.jpg,43,0.5116279069767442,0.6511627906976745,0.13953488372093023,28,15,6,37,109,5,4,17,92
0455.jpg,44,0.6136363636363636,0.8409090909090909,0.22727272727272727,37,7,10,34,101,12,1,21,80
0456.jpg,34,0.5294117647058824,0.7058823529411765,0.17647058823529413,24,10,6,28,107,6,3,22,85
0457.jpg,33,0.5757575757575758,0.7272727272727273,0.15151515151515152,24,9,5,28,87,8,6,9,78
0458.jpg,37,0.6486486486486487,0.7837837837837838,0.13513513513513514,29,8,5,32,97,7,2,7,90
0459.jpg,41,0.3414634146341463,0.8536585365853658,0.5121951219512195,35,6,21,20,101,11,4,48,53
0460.jpg,34,0.2352941176470588,0.38235294117647056,0.14705882352941177,13,21,5,29,95,4,2,10,85
0461.jpg,32,0.625,0.71875,0.09375,23,9,3,29,87,5,5,16,71
0462.jpg,36,0.33333333333333337,0.5555555555555556,0.2222222222222222,20,16,8,28,101,8,3,29,72
0463.jpg,44,0.5,0.7045454545454546,0.20454545454545456,31,13,9,35,101,6,3,22,79
0464.jpg,33,0.5757575757575758,0.696969696969697,0.12121212121212122,23,10,4,29,95,7,3,10,85
0465.jpg,37,0.8648648648648649,0.8918918918918919,0.02702702702702703,33,4,1,36,77,8,2,4,73
0466.jpg,33,0.48484848484848486,0.5757575757575758,0.09090909090909091,19,14,3,30,121,7,7,22,99
0467.jpg,41,0.48780487804878053,0.926829268292683,0.43902439024390244,38,3,18,23,93,12,3,49,44
0468.jpg,42,0.7142857142857143,0.8095238095238095,0.09523809523809523,34,8,4,38,83,11,0,17,66
0469.jpg,39,0.48717948717948717,0.717948717948718,0.23076923076923078,28,11,9,30,96,3,1,29,67
0470.jpg,45,0.5555555555555556,0.6888888888888889,0.13333333333333333,31,14,6,39,82,6,3,12,70
0471.jpg,42,0.7857142857142857,0.8571428571428571,0.07142857142857142,36,6,3,39,95,9,3,3,92
0472.jpg,47,0.6382978723404255,0.8085106382978723,0.1702127659574468,38,9,8,39,97,8,3,18,79
0473.jpg,47,0.6170212765957447,0.8297872340425532,0.2127659574468085,39,8,10,37,82,10,1,13,69
0474.jpg,41,0.5853658536585367,0.6585365853658537,0.07317073170731707,27,14,3,38,104,11,9,12,92
0475.jpg,43,0.8372093023255813,0.8604651162790697,0.023255813953488372,37,6,1,42,94,11,3,7,87
0476.jpg,54,0.5555555555555556,0.6851851851851852,0.12962962962962962,37,17,7,47,105,12,7,25,80
0477.jpg,36,0.5,0.7222222222222222,0.2222222222222222,26,10,8,28,111,12,6,22,89
0478.jpg,40,0.5,0.775,0.275,31,9,11,29,84,10,3,27,57
0479.jpg,40,0.8500000000000001,0.925,0.075,37,3,3,37,91,8,2,7,84
0480.jpg,38,0.6842105263157895,0.8947368421052632,0.21052631578947367,34,4,8,30,97,4,4,13,84
0481.jpg,38,0.44736842105263164,0.5789473684210527,0.13157894736842105,22,16,5,33,93,2,10,13,80
0482.jpg,60,0.55,0.5833333333333334,0.03333333333333333,35,25,2,58,93,4,2,3,90
0483.jpg,41,0.4146341463414634,0.7317073170731707,0.3170731707317073,30,11,13,28,102,12,3,19,83
0484.jpg,32,0.59375,0.84375,0.25,27,5,8,24,112,8,5,26,86
0485.jpg,41,0.5853658536585366,0.7317073170731707,0.14634146341463414,30,11,6,35,99,5,3,11,88
0486.jpg,40,0.27499999999999997,0.6,0.325,24,16,13,27,101,6,4,34,67
0487.jpg,50,0.48,0.7,0.22,35,15,11,39,101,12,0,15,86
0488.jpg,46,0.5652173913043479,0.6304347826086957,0.06521739130434782,29,17,3,43,73,8,4,11,62
0489.jpg,48,0.4791666666666667,0.8125,0.3333333333333333,39,9,16,32,108,7,2,33,75
0490.jpg,50,0.6,0.72,0.12,36,14,6,44,88,6,2,8,80
0491.jpg,30,0.8,0.9,0.1,27,3,3,27,78,9,6,9,69
0492.jpg,41,0.3170731707317073,0.5121951219512195,0.1951219512195122,21,20,8,33,97,7,4,26,71
0493.jpg,42,0.5,0.6190476190476191,0.11904761904761904,26,16,5,37,92,2,5,9,83
0494.jpg,51,0.4901960784313725,0.6078431372549019,0.11764705882352941,31,20,6,45,94,8,3,9,85
0495.jpg,38,0.5,0.6052631578947368,0.10526315789473684,23,15,4,34,105,6,7,10,95
0496.jpg,46,0.32608695652173914,0.4782608695652174,0.15217391304347827,22,24,7,39,79,7,2,21,58
0497.jpg,31,0.6451612903225807,0.8387096774193549,0.1935483870967742,26,5,6,25,104,15,2,15,89
0498.jpg,45,0.4444444444444445,0.5555555555555556,0.1111111111111111,25,20,5,40,93,3,5,10,83
0499.jpg,38,0.368421052631579,0.5789473684210527,0.21052631578947367,22,16,8,30,104,8,6,23,81
0500.jpg,42,0.3095238095238095,0.7619047619047619,0.4523809523809524,32,10,19,23,103,8,0,42,61
0501.jpg,45,0.5111111111111111,0.7555555555555555,0.24444444444444444,34,11,11,34,99,9,4,19,80
0502.jpg,35,0.48571428571428565,0.5428571428571428,0.05714285714285714,19,16,2,33,89,6,5,11,78
0503.jpg,44,0.3636363636363636,0.6590909090909091,0.29545454545454547,29,15,13,31,89,3,5,21,68
0504.jpg,43,0.39534883720930225,0.6046511627906976,0.20930232558139536,26,17,9,34,87,6,6,9,78
0505.jpg,36,0.5277777777777778,0.6111111111111112,0.08333333333333333,22,14,3,33,93,7,8,17,76
0506.jpg,45,0.3555555555555555,0.7555555555555555,0.4,34,11,18,27,102,6,3,44,58
0507.jpg,43,0.6511627906976745,0.7674418604651163,0.11627906976744186,33,10,5,38,108,8,9,6,102
0508.jpg,43,0.4186046511627907,0.5813953488372093,0.16279069767441862,25,18,7,36,100,12,3,22,78
0509.jpg,43,0.3953488372093023,0.7441860465116279,0.3488372093023256,32,11,15,28,81,8,2,33,48
0510.jpg,39,0.7948717948717949,0.9230769230769231,0.1282051282051282,36,3,5,34,91,10,3,9,82
0511.jpg,37,0.5945945945945946,0.7567567567567568,0.16216216216216217,28,9,6,31,119,14,4,15,104
0512.jpg,40,0.7000000000000001,0.775,0.075,31,9,3,37,101,6,4,10,91
0513.jpg,47,0.40425531914893614,0.6595744680851063,0.2553191489361702,31,16,12,35,85,3,4,18,67
0514.jpg,45,0.6666666666666666,0.8888888888888888,0.2222222222222222,40,5,10,35,87,11,2,9,78
0515.jpg,51,0.6274509803921569,0.7450980392156863,0.11764705882352941,38,13,6,45,95,11,9,5,90
0516.jpg,32,0.65625,0.8125,0.15625,26,6,5,27,86,7,2,14,72
0517.jpg,49,0.510204081632653,0.8775510204081632,0.3673469387755102,43,6,18,31,89,11,0,40,49
0518.jpg,46,0.34782608695652173,0.5,0.15217391304347827,23,23,7,39,109,6,9,6,103
0519.jpg,40,0.7000000000000001,0.8,0.1,32,8,4,36,85,5,3,7,78
0520.jpg,46,0.5652173913043479,0.6086956521739131,0.043478260869565216,28,18,2,44,96,6,5,9,87
0521.jpg,41,0.7560975609756098,0.8536585365853658,0.0975609756097561,35,6,4,37,103,9,3,17,86
0522.jpg,37,0.4594594594594595,0.5945945945945946,0.13513513513513514,22,15,5,32,91,8,2,12,79
0523.jpg,49,0.5306122448979592,0.8163265306122449,0.2857142857142857,40,9,14,35,111,6,4,33,78
0524.jpg,51,0.8627450980392157,0.9411764705882353,0.0784313725490196,48,3,4,47,106,18,3,7,99
0525.jpg,56,0.6785714285714286,0.7142857142857143,0.03571428571428571,40,16,2,54,106,12,6,12,94
0526.jpg,39,0.3333333333333333,0.6923076923076923,0.358974358974359,27,12,14,25,88,5,5,24,64
0527.jpg,41,0.4878048780487805,0.7560975609756098,0.2682926829268293,31,10,11,30,91,9,3,15,76
0528.jpg,40,0.44999999999999996,0.825,0.375,33,7,15,25,104,13,4,28,76
0529.jpg,44,0.34090909090909094,0.7045454545454546,0.36363636363636365,31,13,16,28,85,10,2,19,66
0530.jpg,51,0.7843137254901961,0.9019607843137255,0.11764705882352941,46,5,6,45,79,11,1,5,74
0531.jpg,38,0.4736842105263158,0.6842105263157895,0.21052631578947367,26,12,8,30,109,13,7,25,84
0532.jpg,43,0.5581395348837209,0.7441860465116279,0.18604651162790697,32,11,8,35,94,7,4,16,78
0533.jpg,42,0.4047619047619048,0.6428571428571429,0.23809523809523808,27,15,10,32,91,7,5,15,76
0534.jpg,51,0.5686274509803921,0.803921568627451,0.23529411764705882,41,10,12,39,88,12,4,19,69
0535.jpg,42,0.5714285714285714,0.6666666666666666,0.09523809523809523,28,14,4,38,73,6,1,9,64
0536.jpg,35,0.2857142857142857,0.4857142857142857,0.2,17,18,7,28,95,3,2,20,75
0537.jpg,46,0.28260869565217395,0.391304347826087,0.10869565217391304,18,28,5,41,102,6,7,22,80
0538.jpg,42,0.5714285714285714,0.6904761904761905,0.11904761904761904,29,13,5,37,83,5,6,9,74
0539.jpg,39,0.23076923076923075,0.41025641025641024,0.1794871794871795,16,23,7,32,91,7,6,16,75
0540.jpg,45,0.48888888888888893,0.7111111111111111,0.2222222222222222,32,13,10,35,101,12,4,18,83
0541.jpg,40,0.6499999999999999,0.825,0.175,33,7,7,33,90,11,5,17,73
0542.jpg,45,0.6888888888888889,0.7555555555555555,0.06666666666666667,34,11,3,42,96,4,5,10,86
0543.jpg,41,0.6097560975609756,0.7804878048780488,0.17073170731707318,32,9,7,34,102,7,2,20,82
0544.jpg,44,0.5681818181818181,0.75,0.18181818181818182,33,11,8,36,89,1,4,9,80
0545.jpg,39,0.641025641025641,0.7948717948717948,0.15384615384615385,31,8,6,33,92,8,4,27,65
0546.jpg,35,0.42857142857142855,0.6,0.17142857142857143,21,14,6,29,97,8,5,27,70
0547.jpg,41,0.5365853658536586,0.6829268292682927,0.14634146341463414,28,13,6,35,98,9,5,13,85
0548.jpg,47,0.3404255319148936,0.48936170212765956,0.14893617021276595,23,24,7,40,98,7,4,8,90
0549.jpg,38,0.6842105263157895,0.7105263157894737,0.02631578947368421,27,11,1,37,107,3,4,11,96
0550.jpg,45,0.37777777777777777,0.7555555555555555,0.37777777777777777,34,11,17,28,100,4,4,34,66
0551.jpg,34,0.6176470588235293,0.7647058823529411,0.14705882352941177,26,8,5,29,102,6,4,11,91
0552.jpg,43,0.4418604651162791,0.6976744186046512,0.2558139534883721,30,13,11,32,85,6,4,19,66
0553.jpg,34,0.2647058823529412,0.5294117647058824,0.2647058823529412,18,16,9,25,82,7,4,13,69
0554.jpg,49,0.4897959183673469,0.8979591836734694,0.40816326530612246,44,5,20,29,97,9,1,35,62
0555.jpg,46,0.23913043478260876,0.6086956521739131,0.3695652173913043,28,18,17,29,88,10,3,33,55
0556.jpg,33,0.18181818181818182,0.30303030303030304,0.12121212121212122,10,23,4,29,90,6,6,15,75
0557.jpg,51,0.5490196078431373,0.6470588235294118,0.09803921568627451,33,18,5,46,85,4,5,15,70
0558.jpg,37,0.6216216216216216,0.7297297297297297,0.10810810810810811,27,10,4,33,86,8,2,8,78
0559.jpg,37,0.40540540540540543,0.7027027027027027,0.2972972972972973,26,11,11,26,95,9,2,30,65
0560.jpg,37,0.4864864864864865,0.7567567567567568,0.2702702702702703,28,9,10,27,90,7,2,27,63
0561.jpg,36,0.4166666666666667,0.5555555555555556,0.1388888888888889,20,16,5,31,89,3,4,17,72
0562.jpg,43,0.5581395348837209,0.7674418604651163,0.20930232558139536,33,10,9,34,100,7,2,24,76
0563.jpg,33,0.6666666666666666,0.7878787878787878,0.12121212121212122,26,7,4,29,80,11,1,14,66
0564.jpg,35,0.34285714285714286,0.4857142857142857,0.14285714285714285,17,18,5,30,78,6,4,11,67
0565.jpg,38,0.5789473684210527,0.8421052631578947,0.2631578947368421,32,6,10,28,104,6,1,21,83
0566.jpg,45,0.8666666666666667,0.9111111111111111,0.044444444444444446,41,4,2,43,105,9,1,4,101
0567.jpg,34,0.9117647058823529,0.9117647058823529,0.0,31,3,0,34,110,10,5,7,103
0568.jpg,49,0.6122448979591837,0.6122448979591837,0.0,30,19,0,49,96,6,4,4,92
0569.jpg,37,0.3783783783783784,0.4594594594594595,0.08108108108108109,17,20,3,34,112,7,6,10,102
0570.jpg,45,0.4666666666666667,0.6444444444444445,0.17777777777777778,29,16,8,37,98,7,1,23,75
0571.jpg,45,0.4888888888888889,0.6888888888888889,0.2,31,14,9,36,98,7,2,28,70
0572.jpg,36,0.6666666666666666,0.75,0.08333333333333333,27,9,3,33,97,9,1,13,84
0573.jpg,49,0.5306122448979591,0.673469387755102,0.14285714285714285,33,16,7,42,98,10,6,9,89
0574.jpg,38,0.6578947368421052,0.7368421052631579,0.07894736842105263,28,10,3,35,107,10,5,4,103
0575.jpg,47,0.7021276595744681,0.8936170212765957,0.19148936170212766,42,5,9,38,98,11,4,14,84
0576.jpg,50,0.72,0.88,0.16,44,6,8,42,87,8,3,21,66
0577.jpg,43,0.37209302325581395,0.46511627906976744,0.09302325581395349,20,23,4,39,87,6,6,14,73
0578.jpg,42,0.6666666666666666,0.6904761904761905,0.023809523809523808,29,13,1,41,100,6,6,8,92
0579.jpg,39,0.4615384615384615,0.6666666666666666,0.20512820512820512,26,13,8,31,89,11,4,13,76
0580.jpg,54,0.5,0.6851851851851852,0.18518518518518517,37,17,10,44,75,8,9,10,65
0581.jpg,40,0.375,0.475,0.1,19,21,4,36,78,3,1,9,69
0582.jpg,41,0.6341463414634146,0.7317073170731707,0.0975609756097561,30,11,4,37,106,11,3,7,99
0583.jpg,41,0.5609756097560975,0.7073170731707317,0.14634146341463414,29,12,6,35,92,12,2,9,83
0584.jpg,41,0.7073170731707317,0.7560975609756098,0.04878048780487805,31,10,2,39,109,8,2,15,94
0585.jpg,42,0.4285714285714286,0.7142857142857143,0.2857142857142857,30,12,12,30,102,12,7,14,88
0586.jpg,41,0.5609756097560975,0.6097560975609756,0.04878048780487805,25,16,2,39,104,5,2,4,100
0587.jpg,38,0.5789473684210527,0.8421052631578947,0.2631578947368421,32,6,10,28,88,11,4,24,64
0588.jpg,29,0.6206896551724138,0.6896551724137931,0.06896551724137931,20,9,2,27,103,10,2,7,96
0589.jpg,30,0.5333333333333332,0.7333333333333333,0.2,22,8,6,24,108,11,7,22,86
0590.jpg,45,0.3333333333333333,0.4888888888888889,0.15555555555555556,22,23,7,38,99,7,7,9,90
0591.jpg,41,0.4634146341463415,0.6585365853658537,0.1951219512195122,27,14,8,33,84,14,1,17,67
0592.jpg,48,0.3125,0.5625,0.25,27,21,12,36,97,11,3,24,73
0593.jpg,52,0.36538461538461536,0.4423076923076923,0.07692307692307693,23,29,4,48,80,6,4,6,74
0594.jpg,49,0.46938775510204084,0.5102040816326531,0.04081632653061224,25,24,2,47,88,3,0,6,82
0595.jpg,43,0.7906976744186046,0.8604651162790697,0.06976744186046512,37,6,3,40,96,12,1,11,85
0596.jpg,36,0.638888888888889,0.8611111111111112,0.2222222222222222,31,5,8,28,96,9,1,21,75
0597.jpg,46,0.5217391304347826,0.717391304347826,0.1956521739130435,33,13,9,37,95,7,5,24,71
0598.jpg,39,0.3589743589743589,0.5384615384615384,0.1794871794871795,21,18,7,32,83,6,4,13,70
0599.jpg,39,0.3333333333333333,0.717948717948718,0.38461538461538464,28,11,15,24,82,13,2,29,53
0600.jpg,40,0.575,0.75,0.175,30,10,7,33,107,2,5,22,85
0601.jpg,43,0.441860465116279,0.6046511627906976,0.16279069767441862,26,17,7,36,92,5,5,16,76
0602.jpg,33,0.4242424242424242,0.5454545454545454,0.12121212121212122,18,15,4,29,102,3,2,7,95
0603.jpg,49,0.36734693877551017,0.5510204081632653,0.1836734693877551,27,22,9,40,97,10,5,35,62
0604.jpg,49,0.8571428571428571,0.8775510204081632,0.02040816326530612,43,6,1,48,100,11,3,1,99
0605.jpg,40,0.75,0.825,0.075,33,7,3,37,96,14,2,2,94
0606.jpg,41,0.8292682926829268,0.8536585365853658,0.024390243902439025,35,6,1,40,94,10,1,5,89
0607.jpg,34,0.7647058823529411,0.7647058823529411,0.0,26,8,0,34,93,7,4,16,77
0608.jpg,35,0.5142857142857143,0.7428571428571429,0.22857142857142856,26,9,8,27,102,5,4,14,88
0609.jpg,48,0.6458333333333334,0.75,0.10416666666666667,36,12,5,43,83,7,1,14,69
0610.jpg,33,0.606060606060606,0.7878787878787878,0.18181818181818182,26,7,6,27,112,9,4,23,89
0611.jpg,47,0.5957446808510639,0.6382978723404256,0.0425531914893617,30,17,2,45,90,5,7,14,76
0612.jpg,49,0.32653061224489793,0.673469387755102,0.3469387755102041,33,16,17,32,121,12,7,34,87
0613.jpg,37,0.6216216216216216,0.7297297297297297,0.10810810810810811,27,10,4,33,100,10,7,17,83
0614.jpg,57,0.5087719298245614,0.631578947368421,0.12280701754385964,36,21,7,50,86,6,5,6,80
0615.jpg,42,0.4285714285714286,0.5952380952380952,0.16666666666666666,25,17,7,35,102,8,6,10,92
0616.jpg,44,0.7045454545454545,0.7954545454545454,0.09090909090909091,35,9,4,40,100,10,7,6,94
0617.jpg,44,0.4090909090909091,0.5909090909090909,0.18181818181818182,26,18,8,36,100,8,4,23,77
0618.jpg,37,0.7027027027027026,0.7837837837837838,0.08108108108108109,29,8,3,34,89,11,3,10,79
0619.jpg,35,0.5714285714285714,0.7142857142857143,0.14285714285714285,25,10,5,30,89,4,6,12,77
0620.jpg,46,0.5217391304347827,0.782608695652174,0.2608695652173913,36,10,12,34,86,11,4,14,72
0621.jpg,54,0.3148148148148148,0.46296296296296297,0.14814814814814814,25,29,8,46,96,8,5,14,82
0622.jpg,45,0.4888888888888888,0.5777777777777777,0.08888888888888889,26,19,4,41,92,4,3,8,84
0623.jpg,49,0.4897959183673469,0.5714285714285714,0.08163265306122448,28,21,4,45,95,3,13,8,87
0624.jpg,48,0.5833333333333334,0.6875,0.10416666666666667,33,15,5,43,109,8,5,16,93
0625.jpg,33,0.7878787878787878,0.7878787878787878,0.0,26,7,0,33,102,7,2,10,92
0626.jpg,51,0.5686274509803921,0.7058823529411765,0.13725490196078433,36,15,7,44,90,10,3,16,74
0627.jpg,41,0.8292682926829269,0.9024390243902439,0.07317073170731707,37,4,3,38,83,6,2,7,76
0628.jpg,38,0.5789473684210527,0.6578947368421053,0.07894736842105263,25,13,3,35,94,7,7,12,82
0629.jpg,49,0.5918367346938775,0.8163265306122449,0.22448979591836735,40,9,11,38,92,8,4,21,71
0630.jpg,49,0.40816326530612246,0.6326530612244898,0.22448979591836735,31,18,11,38,92,8,3,21,71
0631.jpg,34,0.676470588235294,0.7647058823529411,0.08823529411764706,26,8,3,31,90,10,5,8,82
0632.jpg,40,0.625,0.65,0.025,26,14,1,39,103,6,2,13,90
0633.jpg,43,0.20930232558139533,0.3953488372093023,0.18604651162790697,17,26,8,35,89,4,2,19,70
0634.jpg,41,0.7804878048780488,0.8536585365853658,0.07317073170731707,35,6,3,38,99,12,3,19,80
0635.jpg,46,0.6521739130434783,0.782608695652174,0.13043478260869565,36,10,6,40,106,6,10,15,91
0636.jpg,33,0.5757575757575757,0.7575757575757576,0.18181818181818182,25,8,6,27,96,7,3,11,85
0637.jpg,46,0.3043478260869566,0.5869565217391305,0.2826086956521739,27,19,13,33,90,12,4,29,61
0638.jpg,44,0.6818181818181818,0.7954545454545454,0.11363636363636363,35,9,5,39,99,5,4,8,91
0639.jpg,34,0.29411764705882354,0.5,0.20588235294117646,17,17,7,27,102,8,10,16,86
0640.jpg,55,0.509090909090909,0.5636363636363636,0.05454545454545454,31,24,3,52,111,7,8,9,102
0641.jpg,44,0.4090909090909091,0.5909090909090909,0.18181818181818182,26,18,8,36,111,1,6,18,93
0642.jpg,39,0.6923076923076923,0.7692307692307693,0.07692307692307693,30,9,3,36,84,12,1,6,78
0643.jpg,48,0.35416666666666663,0.4583333333333333,0.10416666666666667,22,26,5,43,92,8,5,11,81
0644.jpg,55,0.5272727272727272,0.5818181818181818,0.05454545454545454,32,23,3,52,99,7,6,6,93
0645.jpg,47,0.276595744680851,0.5106382978723404,0.23404255319148937,24,23,11,36,91,5,7,12,79
0646.jpg,44,0.40909090909090906,0.7727272727272727,0.36363636363636365,34,10,16,28,106,9,5,31,75
0647.jpg,39,0.4358974358974359,0.6153846153846154,0.1794871794871795,24,15,7,32,111,4,10,33,78
0648.jpg,43,0.5348837209302326,0.627906976744186,0.09302325581395349,27,16,4,39,94,6,8,11,83
0649.jpg,40,0.5249999999999999,0.85,0.325,34,6,13,27,111,8,3,43,68
0650.jpg,40,0.5750000000000001,0.675,0.1,27,13,4,36,112,11,5,16,96
0651.jpg,41,0.6829268292682926,0.7073170731707317,0.024390243902439025,29,12,1,40,93,6,3,5,88
0652.jpg,48,0.6458333333333334,0.7083333333333334,0.0625,34,14,3,45,101,9,4,14,87
0653.jpg,46,0.5434782608695652,0.6304347826086957,0.08695652173913043,29,17,4,42,93,8,5,14,79
0654.jpg,37,0.6486486486486487,0.7297297297297297,0.08108108108108109,27,10,3,34,84,8,1,4,80
0655.jpg,47,0.2765957446808511,0.6808510638297872,0.40425531914893614,32,15,19,28,89,9,2,26,63
0656.jpg,43,0.4651162790697675,0.6976744186046512,0.23255813953488372,30,13,10,33,101,9,2,21,80
0657.jpg,43,0.7674418604651163,0.8604651162790697,0.09302325581395349,37,6,4,39,105,10,4,12,93
0658.jpg,35,0.28571428571428575,0.7142857142857143,0.42857142857142855,25,10,15,20,110,5,5,32,78
0659.jpg,43,0.6046511627906977,0.8372093023255814,0.23255813953488372,36,7,10,33,91,9,7,19,72
0660.jpg,37,0.972972972972973,1.0,0.02702702702702703,37,0,1,36,98,11,0,6,92
0661.jpg,52,0.4038461538461538,0.6346153846153846,0.23076923076923078,33,19,12,40,104,4,7,14,90
0662.jpg,45,0.3111111111111111,0.4,0.08888888888888889,18,27,4,41,99,5,11,6,93
0663.jpg,52,0.2692307692307692,0.6923076923076923,0.4230769230769231,36,16,22,30,78,13,5,21,57
0664.jpg,46,0.6739130434782609,0.782608695652174,0.10869565217391304,36,10,5,41,98,10,7,10,88
0665.jpg,41,0.5609756097560976,0.6829268292682927,0.12195121951219512,28,13,5,36,91,5,1,10,81
0666.jpg,54,0.46296296296296297,0.7222222222222222,0.25925925925925924,39,15,14,40,77,3,9,17,60
0667.jpg,48,0.18749999999999994,0.6666666666666666,0.4791666666666667,32,16,23,25,95,7,5,45,50
0668.jpg,41,0.2926829268292683,0.6341463414634146,0.34146341463414637,26,15,14,27,96,10,6,25,71
0669.jpg,41,0.48780487804878053,0.5609756097560976,0.07317073170731707,23,18,3,38,94,6,5,15,79
0670.jpg,51,0.6470588235294117,0.7647058823529411,0.11764705882352941,39,12,6,45,90,14,1,9,81
0671.jpg,47,0.36170212765957455,0.574468085106383,0.2127659574468085,27,20,10,37,86,7,4,19,67
0672.jpg,31,0.29032258064516125,0.6774193548387096,0.3870967741935484,21,10,12,19,98,10,1,31,67
0673.jpg,47,0.5319148936170213,0.6808510638297872,0.14893617021276595,32,15,7,40,97,6,4,16,81
0674.jpg,30,0.3,0.6333333333333333,0.3333333333333333,19,11,10,20,90,7,0,36,54
0675.jpg,49,0.326530612244898,0.5102040816326531,0.1836734693877551,25,24,9,40,83,6,3,17,66
0676.jpg,41,0.3170731707317073,0.5121951219512195,0.1951219512195122,21,20,8,33,112,9,4,13,99
0677.jpg,36,0.5,0.5833333333333334,0.08333333333333333,21,15,3,33,108,5,9,5,103
0678.jpg,33,0.30303030303030304,0.48484848484848486,0.18181818181818182,16,17,6,27,77,6,4,16,61
0679.jpg,44,0.5909090909090909,0.7045454545454546,0.11363636363636363,31,13,5,39,110,9,8,11,99
0680.jpg,40,0.44999999999999996,0.6,0.15,24,16,6,34,95,7,6,9,86
0681.jpg,54,0.6481481481481481,0.8148148148148148,0.16666666666666666,44,10,9,45,77,7,3,12,65
0682.jpg,45,0.6666666666666666,0.7555555555555555,0.08888888888888889,34,11,4,41,90,6,4,11,79
0683.jpg,46,0.3260869565217392,0.7608695652173914,0.43478260869565216,35,11,20,26,80,7,2,21,59
0684.jpg,33,0.8484848484848484,0.9090909090909091,0.06060606060606061,30,3,2,31,87,6,0,8,79
0685.jpg,42,0.6666666666666666,0.7857142857142857,0.11904761904761904,33,9,5,37,85,9,3,14,71
0686.jpg,43,0.627906976744186,0.8372093023255814,0.20930232558139536,36,7,9,34,95,6,0,15,80
0687.jpg,50,0.7999999999999999,0.84,0.04,42,8,2,48,102,12,2,7,95
0688.jpg,37,0.27027027027027023,0.6756756756756757,0.40540540540540543,25,12,15,22,95,10,6,27,68
0689.jpg,53,0.490566037735849,0.6981132075471698,0.20754716981132076,37,16,11,42,80,2,4,18,62
0690.jpg,43,0.6046511627906976,0.7906976744186046,0.18604651162790697,34,9,8,35,85,10,0,14,71
0691.jpg,42,0.5714285714285714,0.6904761904761905,0.11904761904761904,29,13,5,37,95,2,4,12,83
0692.jpg,42,0.4761904761904763,0.5476190476190477,0.07142857142857142,23,19,3,39,95,6,6,17,78
0693.jpg,48,0.2916666666666667,0.7083333333333334,0.4166666666666667,34,14,20,28,105,14,4,34,71
0694.jpg,43,0.5116279069767442,0.7441860465116279,0.23255813953488372,32,11,10,33,90,7,4,20,70
0695.jpg,43,0.7441860465116279,0.8837209302325582,0.13953488372093023,38,5,6,37,92,6,4,11,81
0696.jpg,40,0.675,0.875,0.2,35,5,8,32,92,6,4,13,79
0697.jpg,52,0.8269230769230769,0.8461538461538461,0.019230769230769232,44,8,1,51,89,8,2,8,81
0698.jpg,37,0.6216216216216216,0.6756756756756757,0.05405405405405406,25,12,2,35,94,11,3,7,87
0699.jpg,41,0.46341463414634143,0.8536585365853658,0.3902439024390244,35,6,16,25,100,12,1,44,56
0700.jpg,43,0.48837209302325585,0.6511627906976745,0.16279069767441862,28,15,7,36,90,5,2,15,75
0701.jpg,40,0.32500000000000007,0.55,0.225,22,18,9,31,104,8,5,12,92
0702.jpg,42,0.42857142857142855,0.5714285714285714,0.14285714285714285,24,18,6,36,95,5,6,22,73
0703.jpg,44,0.7954545454545454,0.9318181818181818,0.13636363636363635,41,3,6,38,107,12,1,8,99
0704.jpg,44,0.2727272727272727,0.5454545454545454,0.2727272727272727,24,20,12,32,105,8,10,28,77
0705.jpg,48,0.5833333333333334,0.8958333333333334,0.3125,43,5,15,33,100,11,2,32,68
0706.jpg,43,0.5813953488372092,0.7209302325581395,0.13953488372093023,31,12,6,37,90,14,1,14,76
0707.jpg,39,0.5897435897435896,0.7948717948717948,0.20512820512820512,31,8,8,31,111,13,1,29,82
0708.jpg,35,0.2857142857142857,0.5428571428571428,0.2571428571428571,19,16,9,26,116,10,8,37,79
0709.jpg,50,0.56,0.8,0.24,40,10,12,38,86,9,2,17,69
0710.jpg,39,0.6666666666666667,0.7692307692307693,0.10256410256410256,30,9,4,35,78,5,2,5,73
0711.jpg,52,0.673076923076923,0.8846153846153846,0.21153846153846154,46,6,11,41,86,6,6,11,75
0712.jpg,50,0.44,0.62,0.18,31,19,9,41,86,10,5,17,69
0713.jpg,50,0.7999999999999999,0.82,0.02,41,9,1,49,86,5,2,4,82
0714.jpg,50,0.64,0.68,0.04,34,16,2,48,90,5,9,11,79
0715.jpg,47,0.8085106382978723,0.9148936170212766,0.10638297872340426,43,4,5,42,104,10,2,9,95
0716.jpg,36,0.6944444444444444,0.75,0.05555555555555555,27,9,2,34,84,8,3,3,81
0717.jpg,55,0.6909090909090909,0.7636363636363637,0.07272727272727272,42,13,4,51,87,7,1,17,70
0718.jpg,44,0.25,0.4090909090909091,0.1590909090909091,18,26,7,37,90,7,4,24,66
0719.jpg,52,0.30769230769230765,0.5384615384615384,0.23076923076923078,28,24,12,40,88,6,8,17,71
0720.jpg,51,0.8627450980392157,0.9019607843137255,0.0392156862745098,46,5,2,49,97,15,3,4,93
0721.jpg,36,0.2777777777777778,0.5833333333333334,0.3055555555555556,21,15,11,25,84,7,3,22,62
0722.jpg,36,0.3055555555555556,0.4722222222222222,0.16666666666666666,17,19,6,30,79,2,5,19,60
0723.jpg,39,0.25641025641025644,0.6153846153846154,0.358974358974359,24,15,14,25,81,11,7,22,59
0724.jpg,38,0.47368421052631576,0.9210526315789473,0.4473684210526316,35,3,17,21,92,10,5,48,44
0725.jpg,37,0.6486486486486487,0.8378378378378378,0.1891891891891892,31,6,7,30,99,15,5,15,84
0726.jpg,60,0.6333333333333333,0.6666666666666666,0.03333333333333333,40,20,2,58,86,9,3,9,77
0727.jpg,35,0.5714285714285714,0.7714285714285715,0.2,27,8,7,28,109,11,5,26,83
0728.jpg,62,0.7258064516129032,0.8387096774193549,0.11290322580645161,52,10,7,55,105,16,4,8,97
0729.jpg,58,0.3620689655172414,0.7241379310344828,0.3620689655172414,42,16,21,37,92,10,5,37,55
0730.jpg,41,0.8780487804878049,0.926829268292683,0.04878048780487805,38,3,2,39,87,17,0,9,78
0731.jpg,41,0.41463414634146345,0.5121951219512195,0.0975609756097561,21,20,4,37,96,3,8,12,84
0732.jpg,35,0.6857142857142857,0.7714285714285715,0.08571428571428572,27,8,3,32,93,11,4,5,88
0733.jpg,49,0.7755102040816326,0.7959183673469388,0.02040816326530612,39,10,1,48,92,10,5,6,86
0734.jpg,29,0.3448275862068966,0.5172413793103449,0.1724137931034483,15,14,5,24,99,7,7,14,85
0735.jpg,43,0.6511627906976745,0.813953488372093,0.16279069767441862,35,8,7,36,93,7,2,6,87
0736.jpg,39,0.7948717948717949,0.8974358974358975,0.10256410256410256,35,4,4,35,91,6,3,8,83
0737.jpg,41,0.6829268292682927,0.7560975609756098,0.07317073170731707,31,10,3,38,93,8,2,9,84
0738.jpg,33,0.5454545454545454,0.7878787878787878,0.24242424242424243,26,7,8,25,114,10,5,21,93
0739.jpg,35,0.19999999999999996,0.6,0.4,21,14,14,21,92,11,1,33,59
0740.jpg,33,0.27272727272727276,0.5757575757575758,0.30303030303030304,19,14,10,23,99,12,3,28,71
0741.jpg,35,0.6857142857142857,0.7142857142857143,0.02857142857142857,25,10,1,34,105,12,3,10,95
0742.jpg,51,0.2549019607843137,0.6862745098039216,0.43137254901960786,35,16,22,29,98,8,2,40,58
0743.jpg,44,0.5909090909090909,0.7045454545454546,0.11363636363636363,31,13,5,39,88,3,7,12,76
0744.jpg,40,0.85,0.875,0.025,35,5,1,39,93,6,0,4,89
0745.jpg,39,0.358974358974359,0.5641025641025641,0.20512820512820512,22,17,8,31,104,10,8,6,98
0746.jpg,46,0.6086956521739131,0.7608695652173914,0.15217391304347827,35,11,7,39,105,15,3,18,87
0747.jpg,48,0.7708333333333333,0.8541666666666666,0.08333333333333333,41,7,4,44,90,9,3,5,85
0748.jpg,50,0.78,0.9,0.12,45,5,6,44,81,12,2,17,64
0749.jpg,42,0.23809523809523803,0.7857142857142857,0.5476190476190477,33,9,23,19,104,6,2,51,53
0750.jpg,53,0.5283018867924528,0.6226415094339622,0.09433962264150944,33,20,5,48,87,5,1,19,68
0751.jpg,45,0.5777777777777777,0.6666666666666666,0.08888888888888889,30,15,4,41,108,14,2,14,94
0752.jpg,45,0.6444444444444444,0.9111111111111111,0.26666666666666666,41,4,12,33,102,12,1,18,84
0753.jpg,37,0.2972972972972973,0.4594594594594595,0.16216216216216217,17,20,6,31,83,8,3,22,61
0754.jpg,41,0.7317073170731708,0.8048780487804879,0.07317073170731707,33,8,3,38,88,6,4,5,83
0755.jpg,41,0.3170731707317073,0.7317073170731707,0.4146341463414634,30,11,17,24,92,5,3,24,68
0756.jpg,33,0.696969696969697,0.8484848484848485,0.15151515151515152,28,5,5,28,104,10,1,15,89
0757.jpg,34,0.9117647058823529,0.9411764705882353,0.029411764705882353,32,2,1,33,104,5,3,7,97
0758.jpg,40,0.5,0.525,0.025,21,19,1,39,73,3,6,5,68
0759.jpg,39,0.6923076923076923,0.7948717948717948,0.10256410256410256,31,8,4,35,112,12,3,4,108
0760.jpg,45,0.6444444444444444,0.7555555555555555,0.1111111111111111,34,11,5,40,101,3,3,9,92
0761.jpg,40,0.27499999999999997,0.575,0.3,23,17,12,28,99,8,4,26,73
0762.jpg,37,0.4324324324324324,0.5135135135135135,0.08108108108108109,19,18,3,34,91,11,4,4,87
0763.jpg,53,0.32075471698113206,0.6226415094339622,0.3018867924528302,33,20,16,37,102,11,3,36,66
0764.jpg,32,0.4375,0.71875,0.28125,23,9,9,23,109,14,3,33,76
0765.jpg,37,0.21621621621621617,0.6216216216216216,0.40540540540540543,23,14,15,22,104,13,2,27,77
0766.jpg,39,0.7435897435897436,0.9230769230769231,0.1794871794871795,36,3,7,32,89,6,2,15,74
0767.jpg,31,0.8387096774193549,0.8709677419354839,0.03225806451612903,27,4,1,30,97,8,2,6,91
0768.jpg,34,0.6176470588235294,0.6764705882352942,0.058823529411764705,23,11,2,32,104,13,9,16,88
0769.jpg,48,0.22916666666666669,0.4791666666666667,0.25,23,25,12,36,82,7,6,20,62
0770.jpg,48,0.625,0.75,0.125,36,12,6,42,79,10,1,10,69
0771.jpg,37,0.45945945945945943,0.7297297297297297,0.2702702702702703,27,10,10,27,100,8,2,25,75
0772.jpg,48,0.4166666666666667,0.75,0.3333333333333333,36,12,16,32,98,5,1,37,61
0773.jpg,39,0.3846153846153846,0.5384615384615384,0.15384615384615385,21,18,6,33,94,7,8,9,85
0774.jpg,42,0.6428571428571429,0.8095238095238095,0.16666666666666666,34,8,7,35,95,6,4,9,86
0775.jpg,41,0.6829268292682927,0.926829268292683,0.24390243902439024,38,3,10,31,99,10,1,10,89
0776.jpg,38,0.6578947368421053,0.868421052631579,0.21052631578947367,33,5,8,30,87,5,4,20,67
0777.jpg,30,0.8,0.8333333333333334,0.03333333333333333,25,5,1,29,112,10,4,7,105
0778.jpg,53,0.6981132075471699,0.8113207547169812,0.11320754716981132,43,10,6,47,83,10,1,4,79
0779.jpg,44,0.7045454545454546,0.7727272727272727,0.06818181818181818,34,10,3,41,89,9,1,7,82
0780.jpg,43,0.41860465116279066,0.5348837209302325,0.11627906976744186,23,20,5,38,98,7,3,10,88
0781.jpg,38,0.7368421052631579,0.8421052631578947,0.10526315789473684,32,6,4,34,111,14,1,7,104
0782.jpg,36,0.6666666666666666,0.6944444444444444,0.027777777777777776,25,11,1,35,94,13,2,7,87
0783.jpg,33,0.6666666666666667,0.7272727272727273,0.06060606060606061,24,9,2,31,94,7,4,9,85
0784.jpg,46,0.32608695652173914,0.5434782608695652,0.21739130434782608,25,21,10,36,94,7,2,12,82
0785.jpg,46,0.28260869565217395,0.5,0.21739130434782608,23,23,10,36,117,5,6,26,91
0786.jpg,47,0.5319148936170213,0.6595744680851063,0.1276595744680851,31,16,6,41,103,5,5,4,99
0787.jpg,45,0.4888888888888889,0.5333333333333333,0.044444444444444446,24,21,2,43,103,11,4,9,94
0788.jpg,33,0.6060606060606061,0.8181818181818182,0.21212121212121213,27,6,7,26,104,7,2,9,95
0789.jpg,44,0.6363636363636364,0.6818181818181818,0.045454545454545456,30,14,2,42,112,16,4,6,106
0790.jpg,55,0.4727272727272727,0.5818181818181818,0.10909090909090909,32,23,6,49,96,8,4,10,86
0791.jpg,45,0.4222222222222223,0.6444444444444445,0.2222222222222222,29,16,10,35,96,3,5,11,85
0792.jpg,43,0.7209302325581395,0.813953488372093,0.09302325581395349,35,8,4,39,91,6,3,12,79
0793.jpg,50,0.32,0.66,0.34,33,17,17,33,87,2,3,33,54
0794.jpg,42,0.8809523809523809,0.9047619047619048,0.023809523809523808,38,4,1,41,95,9,4,7,88
0795.jpg,36,0.33333333333333337,0.4166666666666667,0.08333333333333333,15,21,3,33,93,5,2,13,80
0796.jpg,40,0.525,0.875,0.35,35,5,14,26,87,6,1,25,62
0797.jpg,32,0.46875,0.8125,0.34375,26,6,11,21,100,7,4,17,83
0798.jpg,34,0.7647058823529411,0.7941176470588235,0.029411764705882353,27,7,1,33,97,14,8,5,92
0799.jpg,58,0.27586206896551724,0.7068965517241379,0.43103448275862066,41,17,25,33,89,14,2,39,50
0800.jpg,44,0.31818181818181823,0.4772727272727273,0.1590909090909091,21,23,7,37,88,6,5,12,76
0801.jpg,50,0.24,0.36,0.12,18,32,6,44,99,4,3,14,85
0802.jpg,54,0.8333333333333333,0.9444444444444444,0.1111111111111111,51,3,6,48,98,11,3,11,87
0803.jpg,53,0.4339622641509434,0.5471698113207547,0.11320754716981132,29,24,6,47,78,6,5,8,70
0804.jpg,45,0.4,0.6888888888888889,0.28888888888888886,31,14,13,32,118,13,5,20,98
0805.jpg,55,0.7636363636363637,0.7818181818181819,0.01818181818181818,43,12,1,54,101,5,4,10,91
0806.jpg,31,0.7741935483870968,0.8387096774193549,0.06451612903225806,26,5,2,29,105,13,3,15,90
0807.jpg,39,0.5128205128205129,0.7692307692307693,0.2564102564102564,30,9,10,29,91,5,5,14,77
0808.jpg,44,0.3181818181818182,0.45454545454545453,0.13636363636363635,20,24,6,38,91,8,5,8,83
0809.jpg,48,0.5416666666666667,0.7708333333333334,0.22916666666666666,37,11,11,37,94,11,3,17,77
0810.jpg,47,0.702127659574468,0.8085106382978723,0.10638297872340426,38,9,5,42,111,8,4,8,103
0811.jpg,41,0.3414634146341464,0.5609756097560976,0.21951219512195122,23,18,9,32,98,5,9,22,76
0812.jpg,49,0.2857142857142857,0.4897959183673469,0.20408163265306123,24,25,10,39,84,5,4,25,59
0813.jpg,48,0.29166666666666663,0.5,0.20833333333333334,24,24,10,38,81,5,5,16,65
0814.jpg,53,0.5471698113207547,0.7169811320754716,0.16981132075471697,38,15,9,44,106,8,4,16,90
0815.jpg,53,0.4716981132075472,0.6226415094339622,0.1509433962264151,33,20,8,45,99,13,3,17,82
0816.jpg,33,0.3939393939393939,0.7878787878787878,0.3939393939393939,26,7,13,20,96,10,6,38,58
0817.jpg,42,0.5238095238095237,0.6666666666666666,0.14285714285714285,28,14,6,36,88,8,4,9,79
0818.jpg,44,0.6590909090909091,0.75,0.09090909090909091,33,11,4,40,98,5,2,7,91
0819.jpg,38,0.26315789473684215,0.5789473684210527,0.3157894736842105,22,16,12,26,103,11,3,28,75
0820.jpg,42,0.7380952380952381,0.8095238095238095,0.07142857142857142,34,8,3,39,97,7,3,9,88
0821.jpg,52,0.326923076923077,0.5192307692307693,0.19230769230769232,27,25,10,42,107,9,4,26,81
0822.jpg,39,0.4102564102564103,0.6153846153846154,0.20512820512820512,24,15,8,31,92,6,9,13,79
0823.jpg,42,0.5714285714285714,0.6666666666666666,0.09523809523809523,28,14,4,38,103,8,5,9,94
0824.jpg,42,0.02380952380952378,0.3333333333333333,0.30952380952380953,14,28,13,29,99,7,5,19,80
0825.jpg,31,0.5483870967741936,0.7096774193548387,0.16129032258064516,22,9,5,26,91,9,2,19,72
0826.jpg,48,0.41666666666666663,0.7916666666666666,0.375,38,10,18,30,95,8,3,36,59
0827.jpg,38,0.3157894736842105,0.5263157894736842,0.21052631578947367,20,18,8,30,95,5,3,18,77
0828.jpg,45,0.5333333333333333,0.5777777777777777,0.044444444444444446,26,19,2,43,94,9,6,7,87
0829.jpg,45,0.6222222222222222,0.6444444444444445,0.022222222222222223,29,16,1,44,94,17,2,3,91
0830.jpg,36,0.3055555555555556,0.4722222222222222,0.16666666666666666,17,19,6,30,111,4,3,15,96
0831.jpg,45,0.26666666666666666,0.4666666666666667,0.2,21,24,9,36,90,4,7,24,66
0832.jpg,48,0.5625,0.75,0.1875,36,12,9,39,98,13,1,17,81
0833.jpg,46,0.4782608695652174,0.6086956521739131,0.13043478260869565,28,18,6,40,123,12,2,15,108
0834.jpg,47,0.6170212765957447,0.8297872340425532,0.2127659574468085,39,8,10,37,93,13,3,17,76
0835.jpg,41,0.6097560975609756,0.6097560975609756,0.0,25,16,0,41,91,10,4,2,89
0836.jpg,41,0.7073170731707318,0.7804878048780488,0.07317073170731707,32,9,3,38,108,7,5,6,102
0837.jpg,44,0.40909090909090906,0.6363636363636364,0.22727272727272727,28,16,10,34,88,7,3,14,74
0838.jpg,40,0.6749999999999999,0.7,0.025,28,12,1,39,98,8,3,10,88
0839.jpg,41,0.6341463414634146,0.7804878048780488,0.14634146341463414,32,9,6,35,110,9,6,13,97
0840.jpg,47,0.3404255319148936,0.6808510638297872,0.3404255319148936,32,15,16,31,96,6,7,24,72
0841.jpg,49,0.42857142857142855,0.7959183673469388,0.3673469387755102,39,10,18,31,96,13,0,39,57
0842.jpg,33,0.5757575757575758,0.6060606060606061,0.030303030303030304,20,13,1,32,98,6,8,11,87
0843.jpg,58,0.689655172413793,0.8103448275862069,0.1206896551724138,47,11,7,51,99,8,2,14,85
0844.jpg,42,0.38095238095238104,0.5476190476190477,0.16666666666666666,23,19,7,35,106,11,6,28,78
0845.jpg,43,0.6046511627906976,0.7674418604651163,0.16279069767441862,33,10,7,36,98,7,3,12,86
0846.jpg,42,0.7142857142857143,0.9047619047619048,0.19047619047619047,38,4,8,34,96,14,0,17,79
0847.jpg,45,0.6222222222222222,0.8444444444444444,0.2222222222222222,38,7,10,35,90,4,2,17,73
0848.jpg,50,0.38,0.44,0.06,22,28,3,47,90,5,4,13,77
0849.jpg,45,0.3555555555555555,0.6,0.24444444444444444,27,18,11,34,103,9,8,23,80
0850.jpg,38,0.2894736842105263,0.47368421052631576,0.18421052631578946,18,20,7,31,97,7,7,18,79
0851.jpg,36,0.3055555555555556,0.5555555555555556,0.25,20,16,9,27,98,9,4,17,81
0852.jpg,43,0.6976744186046511,0.7906976744186046,0.09302325581395349,34,9,4,39,89,5,0,11,78
0853.jpg,33,0.36363636363636365,0.6363636363636364,0.2727272727272727,21,12,9,24,107,9,3,28,79
0854.jpg,43,0.5813953488372093,0.627906976744186,0.046511627906976744,27,16,2,41,101,8,3,9,92
0855.jpg,39,0.7435897435897435,0.7948717948717948,0.05128205128205128,31,8,2,37,116,12,6,6,110
0856.jpg,46,0.782608695652174,0.9565217391304348,0.17391304347826086,44,2,8,38,127,15,1,24,103
0857.jpg,53,0.41509433962264153,0.5094339622641509,0.09433962264150944,27,26,5,48,92,3,6,7,85
0858.jpg,36,0.75,0.8055555555555556,0.05555555555555555,29,7,2,34,86,4,2,8,78
0859.jpg,38,0.47368421052631576,0.5263157894736842,0.05263157894736842,20,18,2,36,111,10,6,11,100
0860.jpg,44,0.4545454545454546,0.7272727272727273,0.2727272727272727,32,12,12,32,87,6,3,13,74
0861.jpg,55,0.6363636363636364,0.6909090909090909,0.05454545454545454,38,17,3,52,94,7,3,11,83
0862.jpg,39,0.7948717948717948,0.8461538461538461,0.05128205128205128,33,6,2,37,100,9,5,15,85
0863.jpg,50,0.33999999999999997,0.5,0.16,25,25,8,42,98,8,5,11,87
0864.jpg,45,0.6444444444444444,0.9111111111111111,0.26666666666666666,41,4,12,33,108,13,3,6,102
0865.jpg,50,0.84,0.88,0.04,44,6,2,48,90,9,2,2,88
0866.jpg,43,0.6976744186046512,0.7674418604651163,0.06976744186046512,33,10,3,40,107,9,2,9,98
0867.jpg,41,0.4878048780487805,0.6097560975609756,0.12195121951219512,25,16,5,36,115,9,6,14,101
0868.jpg,38,0.5526315789473684,0.8421052631578947,0.2894736842105263,32,6,11,27,90,7,2,23,67
0869.jpg,52,0.23076923076923078,0.6538461538461539,0.4230769230769231,34,18,22,30,99,9,4,39,60
0870.jpg,53,0.6226415094339623,0.7735849056603774,0.1509433962264151,41,12,8,45,100,11,5,11,89
0871.jpg,58,0.5344827586206897,0.6724137931034483,0.13793103448275862,39,19,8,50,101,12,1,15,86
0872.jpg,39,0.8205128205128205,0.8205128205128205,0.0,32,7,0,39,99,3,4,5,94
0873.jpg,44,0.4772727272727273,0.6136363636363636,0.13636363636363635,27,17,6,38,82,7,3,4,78
0874.jpg,33,0.6060606060606061,0.6363636363636364,0.030303030303030304,21,12,1,32,94,8,3,5,89
0875.jpg,49,0.6938775510204082,0.7551020408163265,0.061224489795918366,37,12,3,46,96,10,2,18,78
0876.jpg,46,0.17391304347826086,0.5217391304347826,0.34782608695652173,24,22,16,30,96,7,7,28,68
0877.jpg,41,0.7317073170731707,0.7804878048780488,0.04878048780487805,32,9,2,39,96,14,3,9,87
0878.jpg,35,0.3142857142857142,0.5142857142857142,0.2,18,17,7,28,105,11,3,20,85
0879.jpg,40,0.525,0.65,0.125,26,14,5,35,100,12,4,25,75
0880.jpg,33,0.18181818181818177,0.5454545454545454,0.36363636363636365,18,15,12,21,92,3,5,37,55
0881.jpg,42,0.5,0.6428571428571429,0.14285714285714285,27,15,6,36,98,10,6,15,83
0882.jpg,42,0.6666666666666667,0.7142857142857143,0.047619047619047616,30,12,2,40,95,5,2,6,89
0883.jpg,54,0.4629629629629629,0.5185185185185185,0.05555555555555555,28,26,3,51,80,10,4,9,71
0884.jpg,49,0.22448979591836737,0.6122448979591837,0.3877551020408163,30,19,19,30,105,7,7,42,63
0885.jpg,34,0.1470588235294118,0.7058823529411765,0.5588235294117647,24,10,19,15,94,11,3,35,59
0886.jpg,46,0.5217391304347827,0.6086956521739131,0.08695652173913043,28,18,4,42,88,9,5,16,72
0887.jpg,46,0.782608695652174,0.9782608695652174,0.1956521739130435,45,1,9,37,92,13,2,20,72
0888.jpg,53,0.660377358490566,0.7358490566037735,0.07547169811320754,39,14,4,49,104,4,6,8,96
0889.jpg,43,0.41860465116279066,0.5581395348837209,0.13953488372093023,24,19,6,37,101,9,5,18,83
0890.jpg,39,0.6153846153846154,0.7692307692307693,0.15384615384615385,30,9,6,33,97,5,3,10,87
0891.jpg,36,0.5,0.6111111111111112,0.1111111111111111,22,14,4,32,84,2,4,18,66
0892.jpg,47,0.4893617021276596,0.5531914893617021,0.06382978723404255,26,21,3,44,81,4,6,11,70
0893.jpg,43,0.32558139534883723,0.46511627906976744,0.13953488372093023,20,23,6,37,100,8,7,12,88
0894.jpg,40,0.45,0.625,0.175,25,15,7,33,87,5,6,12,75
0895.jpg,43,0.4883720930232558,0.627906976744186,0.13953488372093023,27,16,6,37,109,6,12,16,93
0896.jpg,56,0.5535714285714286,0.625,0.07142857142857142,35,21,4,52,94,6,1,3,91
0897.jpg,28,0.5357142857142857,0.7142857142857143,0.17857142857142858,20,8,5,23,91,6,4,3,88
0898.jpg,45,0.4,0.6444444444444445,0.24444444444444444,29,16,11,34,93,4,2,14,79
0899.jpg,35,0.5714285714285714,0.5714285714285714,0.0,20,15,0,35,82,7,6,5,77
0900.jpg,49,0.3877551020408163,0.5714285714285714,0.1836734693877551,28,21,9,40,97,10,3,25,72
0901.jpg,49,0.44897959183673464,0.5510204081632653,0.10204081632653061,27,22,5,44,102,4,8,8,94
0902.jpg,44,0.36363636363636365,0.5,0.13636363636363635,22,22,6,38,85,8,4,13,72
0903.jpg,39,0.25641025641025644,0.46153846153846156,0.20512820512820512,18,21,8,31,97,6,7,21,76
0904.jpg,40,0.5499999999999999,0.7,0.15,28,12,6,34,95,16,0,6,89
0905.jpg,56,0.4107142857142857,0.5892857142857143,0.17857142857142858,33,23,10,46,79,5,6,10,69
0906.jpg,40,0.47500000000000003,0.65,0.175,26,14,7,33,100,5,7,10,90
0907.jpg,42,0.4761904761904762,0.8333333333333334,0.35714285714285715,35,7,15,27,93,8,2,47,46
0908.jpg,44,0.6590909090909091,0.7727272727272727,0.11363636363636363,34,10,5,39,91,10,7,11,80
0909.jpg,38,0.5,0.7631578947368421,0.2631578947368421,29,9,10,28,89,6,3,20,69
0910.jpg,39,0.5384615384615385,0.7435897435897436,0.20512820512820512,29,10,8,31,94,11,4,16,78
0911.jpg,38,0.21052631578947367,0.42105263157894735,0.21052631578947367,16,22,8,30,86,2,8,23,63
0912.jpg,29,0.10344827586206895,0.6206896551724138,0.5172413793103449,18,11,15,14,99,8,1,43,56
0913.jpg,39,0.5384615384615385,0.6410256410256411,0.10256410256410256,25,14,4,35,86,3,2,17,69
0914.jpg,40,0.75,0.825,0.075,33,7,3,37,91,6,3,7,84
0915.jpg,45,0.5777777777777778,0.8666666666666667,0.28888888888888886,39,6,13,32,95,10,5,32,63
0916.jpg,43,0.6046511627906976,0.627906976744186,0.023255813953488372,27,16,1,42,100,9,7,18,82
0917.jpg,39,0.35897435897435903,0.46153846153846156,0.10256410256410256,18,21,4,35,99,4,3,17,82
0918.jpg,33,0.5757575757575758,0.8484848484848485,0.2727272727272727,28,5,9,24,82,9,3,23,59
0919.jpg,41,0.6341463414634146,0.7073170731707317,0.07317073170731707,29,12,3,38,95,7,3,5,90
0920.jpg,54,0.6851851851851852,0.6851851851851852,0.0,37,17,0,54,107,7,7,6,101
0921.jpg,33,0.3939393939393939,0.42424242424242425,0.030303030303030304,14,19,1,32,71,4,5,6,65
0922.jpg,50,0.44,0.48,0.04,24,26,2,48,100,6,7,8,92
0923.jpg,35,0.34285714285714286,0.4,0.05714285714285714,14,21,2,33,85,1,9,10,75
0924.jpg,40,0.7000000000000001,0.775,0.075,31,9,3,37,99,10,2,3,96
0925.jpg,35,0.5714285714285714,0.7142857142857143,0.14285714285714285,25,10,5,30,100,8,9,10,90
0926.jpg,40,0.29999999999999993,0.7,0.4,28,12,16,24,78,6,1,18,60
0927.jpg,35,0.5428571428571428,0.6,0.05714285714285714,21,14,2,33,92,6,9,3,89
0928.jpg,40,0.44999999999999996,0.825,0.375,33,7,15,25,80,7,2,30,50
0929.jpg,41,0.6585365853658537,0.7317073170731707,0.07317073170731707,30,11,3,38,78,9,3,9,69
0930.jpg,45,0.5333333333333333,0.6222222222222222,0.08888888888888889,28,17,4,41,91,8,3,7,84
0931.jpg,48,0.47916666666666663,0.5416666666666666,0.0625,26,22,3,45,96,8,7,4,92
0932.jpg,50,0.66,0.74,0.08,37,13,4,46,84,15,2,12,72
0933.jpg,40,0.39999999999999997,0.6,0.2,24,16,8,32,95,4,8,12,83
0934.jpg,47,0.48936170212765956,0.5319148936170213,0.0425531914893617,25,22,2,45,110,8,13,10,100
0935.jpg,38,0.44736842105263164,0.6842105263157895,0.23684210526315788,26,12,9,29,101,13,0,6,95
0936.jpg,50,0.46,0.54,0.08,27,23,4,46,105,9,5,15,90
0937.jpg,30,0.4,0.5,0.1,15,15,3,27,94,6,3,10,84
0938.jpg,38,0.39473684210526316,0.7105263157894737,0.3157894736842105,27,11,12,26,104,9,6,14,90
0939.jpg,40,0.525,0.6,0.075,24,16,3,37,91,9,10,9,82
0940.jpg,48,0.8333333333333334,0.875,0.041666666666666664,42,6,2,46,99,14,2,9,90
0941.jpg,42,0.5238095238095237,0.7619047619047619,0.23809523809523808,32,10,10,32,96,6,2,14,82
0942.jpg,42,0.19047619047619052,0.5476190476190477,0.35714285714285715,23,19,15,27,100,12,3,28,72
0943.jpg,40,0.625,0.75,0.125,30,10,5,35,88,15,6,13,75
0944.jpg,32,0.5,0.8125,0.3125,26,6,10,22,99,13,3,24,75
0945.jpg,43,0.6046511627906976,0.6744186046511628,0.06976744186046512,29,14,3,40,78,4,7,8,70
0946.jpg,34,0.3529411764705882,0.4411764705882353,0.08823529411764706,15,19,3,31,94,4,5,9,85
0947.jpg,48,0.5416666666666666,0.75,0.20833333333333334,36,12,10,38,95,9,5,13,82
0948.jpg,48,0.6458333333333333,0.7291666666666666,0.08333333333333333,35,13,4,44,92,10,4,12,80
0949.jpg,36,0.5277777777777778,0.8333333333333334,0.3055555555555556,30,6,11,25,101,10,1,14,87
0950.jpg,41,0.6097560975609756,0.6097560975609756,0.0,25,16,0,41,113,19,1,10,103
0951.jpg,30,0.7666666666666667,0.8333333333333334,0.06666666666666667,25,5,2,28,109,6,7,15,94
0952.jpg,32,0.34375,0.53125,0.1875,17,15,6,26,101,6,7,13,88
0953.jpg,35,0.2285714285714286,0.4857142857142857,0.2571428571428571,17,18,9,26,95,6,6,11,84
0954.jpg,46,0.5652173913043478,0.6956521739130435,0.13043478260869565,32,14,6,40,104,14,5,6,98
0955.jpg,42,0.7142857142857142,0.7619047619047619,0.047619047619047616,32,10,2,40,99,9,6,6,93
0956.jpg,35,0.6285714285714286,0.7142857142857143,0.08571428571428572,25,10,3,32,102,6,4,7,95
0957.jpg,43,0.27906976744186046,0.46511627906976744,0.18604651162790697,20,23,8,35,121,10,6,22,99
0958.jpg,38,0.42105263157894746,0.6578947368421053,0.23684210526315788,25,13,9,29,70,5,1,18,52
0959.jpg,37,0.45945945945945943,0.6756756756756757,0.21621621621621623,25,12,8,29,86,5,6,20,66
0960.jpg,47,0.42553191489361697,0.5957446808510638,0.1702127659574468,28,19,8,39,88,5,7,12,76
0961.jpg,42,0.5952380952380952,0.6904761904761905,0.09523809523809523,29,13,4,38,98,5,3,12,86
0962.jpg,42,0.5238095238095238,0.7380952380952381,0.21428571428571427,31,11,9,33,73,3,5,10,63
0963.jpg,30,0.2666666666666667,0.43333333333333335,0.16666666666666666,13,17,5,25,91,6,6,16,75
0964.jpg,51,0.6274509803921569,0.7058823529411765,0.0784313725490196,36,15,4,47,103,5,3,11,92
0965.jpg,46,0.39130434782608703,0.5869565217391305,0.1956521739130435,27,19,9,37,96,11,1,10,86
0966.jpg,31,0.4193548387096774,0.5161290322580645,0.0967741935483871,16,15,3,28,116,3,4,8,108
0967.jpg,47,0.3191489361702128,0.6170212765957447,0.2978723404255319,29,18,14,33,92,7,2,19,73
0968.jpg,45,0.42222222222222217,0.6,0.17777777777777778,27,18,8,37,95,11,5,18,77
0969.jpg,44,0.5681818181818181,0.7727272727272727,0.20454545454545456,34,10,9,35,94,4,1,15,79
0970.jpg,42,0.5238095238095237,0.6666666666666666,0.14285714285714285,28,14,6,36,94,3,7,11,83
0971.jpg,40,0.7,0.75,0.05,30,10,2,38,90,7,6,4,86
0972.jpg,36,0.19444444444444448,0.4166666666666667,0.2222222222222222,15,21,8,28,95,4,3,9,86
0973.jpg,39,0.46153846153846156,0.6410256410256411,0.1794871794871795,25,14,7,32,94,7,4,13,81
0974.jpg,44,0.5681818181818181,0.6363636363636364,0.06818181818181818,28,16,3,41,98,8,4,6,92
0975.jpg,41,0.8780487804878049,0.9024390243902439,0.024390243902439025,37,4,1,40,102,13,3,13,89
0976.jpg,40,0.45,0.525,0.075,21,19,3,37,107,7,4,14,93
0977.jpg,41,0.7317073170731708,0.8048780487804879,0.07317073170731707,33,8,3,38,92,9,4,7,85
0978.jpg,41,0.5853658536585366,0.6097560975609756,0.024390243902439025,25,16,1,40,97,4,3,12,85
0979.jpg,39,0.41025641025641024,0.717948717948718,0.3076923076923077,28,11,12,27,94,10,0,32,62
0980.jpg,49,0.7551020408163266,0.8367346938775511,0.08163265306122448,41,8,4,45,101,9,3,3,98
0981.jpg,35,0.4571428571428571,0.8571428571428571,0.4,30,5,14,21,106,13,2,30,76
0982.jpg,41,0.43902439024390244,0.6341463414634146,0.1951219512195122,26,15,8,33,96,5,4,26,70
0983.jpg,49,0.20408163265306123,0.7346938775510204,0.5306122448979592,36,13,26,23,86,11,3,35,51
0984.jpg,45,0.6666666666666666,0.7555555555555555,0.08888888888888889,34,11,4,41,89,7,4,10,79
0985.jpg,40,0.525,0.6,0.075,24,16,3,37,91,5,3,7,84
0986.jpg,43,0.16279069767441862,0.5116279069767442,0.3488372093023256,22,21,15,28,102,11,8,18,84
0987.jpg,48,0.5,0.6458333333333334,0.14583333333333334,31,17,7,41,98,4,4,11,87
0988.jpg,47,0.2553191489361702,0.5319148936170213,0.2765957446808511,25,22,13,34,103,10,2,27,76
0989.jpg,44,0.7272727272727273,0.7727272727272727,0.045454545454545456,34,10,2,42,82,4,1,2,80
0990.jpg,48,0.3125,0.4166666666666667,0.10416666666666667,20,28,5,43,107,4,9,10,97
0991.jpg,41,0.6829268292682926,0.8780487804878049,0.1951219512195122,36,5,8,33,105,14,0,25,80
0992.jpg,50,0.78,0.9,0.12,45,5,6,44,87,6,1,23,64
0993.jpg,60,0.38333333333333336,0.6166666666666667,0.23333333333333334,37,23,14,46,112,11,6,12,100
0994.jpg,38,0.2105263157894737,0.4473684210526316,0.23684210526315788,17,21,9,29,95,10,4,28,67
0995.jpg,50,0.27999999999999997,0.3,0.02,15,35,1,49,89,4,8,3,86
0996.jpg,45,0.22222222222222227,0.6444444444444445,0.4222222222222222,29,16,19,26,81,4,4,19,62
0997.jpg,39,0.5128205128205129,0.7692307692307693,0.2564102564102564,30,9,10,29,111,4,4,17,94
0998.jpg,40,0.275,0.4,0.125,16,24,5,35,95,7,5,19,76
0999.jpg,40,0.6749999999999999,0.7,0.025,28,12,1,39,93,8,7,1,92
1000.jpg,45,0.7555555555555555,0.7555555555555555,0.0,34,11,0,45,97,6,5,2,95
1001.jpg,52,0.0961538461538462,0.46153846153846156,0.36538461538461536,24,28,19,33,101,5,5,12,89
1002.jpg,42,0.7619047619047619,0.8095238095238095,0.047619047619047616,34,8,2,40,90,9,2,2,88
1003.jpg,39,0.6153846153846154,0.6410256410256411,0.02564102564102564,25,14,1,38,108,12,5,13,95
1004.jpg,51,0.5490196078431373,0.6274509803921569,0.0784313725490196,32,19,4,47,99,3,3,9,90
1005.jpg,44,0.4545454545454546,0.5681818181818182,0.11363636363636363,25,19,5,39,93,9,4,25,68
1006.jpg,36,0.5,0.6944444444444444,0.19444444444444445,25,11,7,29,73,9,4,8,65
1007.jpg,50,0.48,0.58,0.1,29,21,5,45,106,12,3,19,87
1008.jpg,44,0.6590909090909092,0.8181818181818182,0.1590909090909091,36,8,7,37,84,7,1,11,73
1009.jpg,41,0.5853658536585367,0.6829268292682927,0.0975609756097561,28,13,4,37,93,6,3,12,81
1010.jpg,41,0.1707317073170732,0.4634146341463415,0.2926829268292683,19,22,12,29,95,2,7,21,74
1011.jpg,43,0.6046511627906976,0.7441860465116279,0.13953488372093023,32,11,6,37,83,10,4,12,71
1012.jpg,44,0.8636363636363635,0.9318181818181818,0.06818181818181818,41,3,3,41,93,13,5,11,82
1013.jpg,46,0.6521739130434783,0.6956521739130435,0.043478260869565216,32,14,2,44,106,8,4,13,93
1014.jpg,44,0.5454545454545454,0.6590909090909091,0.11363636363636363,29,15,5,39,91,6,5,17,74
1015.jpg,41,0.4634146341463415,0.5121951219512195,0.04878048780487805,21,20,2,39,106,9,9,8,98
1016.jpg,42,0.47619047619047616,0.6666666666666666,0.19047619047619047,28,14,8,34,99,10,3,8,91
1017.jpg,42,0.2142857142857143,0.5,0.2857142857142857,21,21,12,30,105,4,3,27,78
1018.jpg,48,0.37499999999999994,0.6666666666666666,0.2916666666666667,32,16,14,34,85,6,5,21,64
1019.jpg,44,0.5681818181818182,0.8409090909090909,0.2727272727272727,37,7,12,32,87,10,3,17,70
1020.jpg,42,0.38095238095238093,0.47619047619047616,0.09523809523809523,20,22,4,38,86,7,6,11,75
1021.jpg,51,0.3137254901960784,0.39215686274509803,0.0784313725490196,20,31,4,47,113,6,7,7,106
1022.jpg,44,0.8181818181818181,0.9090909090909091,0.09090909090909091,40,4,4,40,109,10,2,6,103
1023.jpg,46,0.7608695652173912,0.8913043478260869,0.13043478260869565,41,5,6,40,87,4,1,5,82
1024.jpg,42,0.5,0.5952380952380952,0.09523809523809523,25,17,4,38,97,6,8,11,86
1025.jpg,45,0.4222222222222223,0.6444444444444445,0.2222222222222222,29,16,10,35,94,14,6,20,74
1026.jpg,42,0.45238095238095233,0.6666666666666666,0.21428571428571427,28,14,9,33,88,11,5,13,75
1027.jpg,40,0.7,0.75,0.05,30,10,2,38,90,10,10,7,83
1028.jpg,45,0.15555555555555556,0.6,0.4444444444444444,27,18,20,25,103,8,9,34,69
1029.jpg,39,0.6923076923076923,0.8205128205128205,0.1282051282051282,32,7,5,34,97,7,3,9,88
1030.jpg,33,0.2727272727272727,0.5454545454545454,0.2727272727272727,18,15,9,24,88,9,4,21,67
1031.jpg,56,0.5535714285714286,0.7857142857142857,0.23214285714285715,44,12,13,43,104,13,3,26,78
1032.jpg,50,0.3,0.72,0.42,36,14,21,29,88,3,2,34,54
1033.jpg,39,0.641025641025641,0.7948717948717948,0.15384615384615385,31,8,6,33,102,15,4,20,82
1034.jpg,52,0.15384615384615385,0.40384615384615385,0.25,21,31,13,39,86,6,5,13,73
1035.jpg,36,0.5277777777777778,0.6944444444444444,0.16666666666666666,25,11,6,30,101,9,7,16,85
1036.jpg,46,0.7173913043478262,0.782608695652174,0.06521739130434782,36,10,3,43,96,10,4,9,87
1037.jpg,49,0.6122448979591837,0.7142857142857143,0.10204081632653061,35,14,5,44,88,4,1,13,75
1038.jpg,53,0.679245283018868,0.7547169811320755,0.07547169811320754,40,13,4,49,90,13,4,10,80
1039.jpg,54,0.5185185185185186,0.7777777777777778,0.25925925925925924,42,12,14,40,82,5,4,25,57
1040.jpg,39,0.5384615384615384,0.6923076923076923,0.15384615384615385,27,12,6,33,104,8,4,15,89
1041.jpg,45,0.39999999999999997,0.6,0.2,27,18,9,36,94,6,5,16,78
1042.jpg,38,0.2894736842105264,0.5526315789473685,0.2631578947368421,21,17,10,28,98,5,7,14,84
1043.jpg,48,0.5,0.5833333333333334,0.08333333333333333,28,20,4,44,85,11,6,13,72
1044.jpg,38,0.631578947368421,0.7368421052631579,0.10526315789473684,28,10,4,34,110,8,3,31,79
1045.jpg,42,0.8809523809523809,0.8809523809523809,0.0,37,5,0,42,79,12,1,2,77
1046.jpg,39,0.30769230769230765,0.6923076923076923,0.38461538461538464,27,12,15,24,84,8,4,26,58
1047.jpg,47,0.6808510638297872,0.7659574468085106,0.0851063829787234,36,11,4,43,97,9,6,8,89
1048.jpg,40,0.44999999999999996,0.7,0.25,28,12,10,30,100,8,4,10,90
1049.jpg,34,0.5882352941176471,0.7352941176470589,0.14705882352941177,25,9,5,29,106,8,4,6,100
1050.jpg,42,0.5238095238095238,0.6428571428571429,0.11904761904761904,27,15,5,37,101,7,2,10,91
1051.jpg,44,0.8181818181818182,0.9772727272727273,0.1590909090909091,43,1,7,37,98,13,3,11,87
1052.jpg,47,0.574468085106383,0.7659574468085106,0.19148936170212766,36,11,9,38,103,9,2,14,89
1053.jpg,40,0.5750000000000001,0.65,0.075,26,14,3,37,95,11,5,5,90
1054.jpg,44,0.4318181818181818,0.6136363636363636,0.18181818181818182,27,17,8,36,102,9,5,16,86
1055.jpg,42,0.6428571428571428,0.8571428571428571,0.21428571428571427,36,6,9,33,104,5,2,25,79
1056.jpg,39,0.2564102564102564,0.4358974358974359,0.1794871794871795,17,22,7,32,109,7,6,22,87
1057.jpg,39,0.6923076923076923,0.8205128205128205,0.1282051282051282,32,7,5,34,113,11,8,13,100
1058.jpg,43,0.32558139534883723,0.46511627906976744,0.13953488372093023,20,23,6,37,95,7,2,20,75
1059.jpg,38,0.5,0.6578947368421053,0.15789473684210525,25,13,6,32,95,6,5,18,77
1060.jpg,41,0.43902439024390244,0.6341463414634146,0.1951219512195122,26,15,8,33,89,9,2,20,69
1061.jpg,39,0.6153846153846154,0.7435897435897436,0.1282051282051282,29,10,5,34,99,7,1,15,84
1062.jpg,54,0.37037037037037035,0.5925925925925926,0.2222222222222222,32,22,12,42,103,8,3,21,82
1063.jpg,36,0.638888888888889,0.8055555555555556,0.16666666666666666,29,7,6,30,90,12,3,7,83
1064.jpg,35,0.5428571428571428,0.6571428571428571,0.11428571428571428,23,12,4,31,112,10,5,19,93
1065.jpg,38,0.6842105263157895,0.8157894736842105,0.13157894736842105,31,7,5,33,106,17,3,11,95
1066.jpg,41,0.2682926829268293,0.5365853658536586,0.2682926829268293,22,19,11,30,91,5,2,15,76
1067.jpg,45,0.6666666666666666,0.6888888888888889,0.022222222222222223,31,14,1,44,111,9,3,10,101
1068.jpg,46,0.6521739130434783,0.8695652173913043,0.21739130434782608,40,6,10,36,88,7,1,21,67
1069.jpg,35,0.8,0.8285714285714286,0.02857142857142857,29,6,1,34,99,12,3,6,93
1070.jpg,47,0.574468085106383,0.6382978723404256,0.06382978723404255,30,17,3,44,83,6,6,10,73
1071.jpg,29,0.4482758620689655,0.7241379310344828,0.27586206896551724,21,8,8,21,88,8,1,20,68
1072.jpg,44,0.38636363636363635,0.5454545454545454,0.1590909090909091,24,20,7,37,99,10,5,16,83
1073.jpg,39,0.1282051282051282,0.4358974358974359,0.3076923076923077,17,22,12,27,95,5,5,18,77
1074.jpg,40,0.475,0.575,0.1,23,17,4,36,86,5,7,9,77
1075.jpg,42,0.19047619047619052,0.5238095238095238,0.3333333333333333,22,20,14,28,93,8,3,22,71
1076.jpg,41,0.5853658536585366,0.8292682926829268,0.24390243902439024,34,7,10,31,88,9,4,20,68
1077.jpg,38,0.6842105263157894,0.7368421052631579,0.05263157894736842,28,10,2,36,87,9,4,6,81
1078.jpg,30,0.6333333333333333,0.7333333333333333,0.1,22,8,3,27,116,16,3,5,111
1079.jpg,50,0.72,0.9,0.18,45,5,9,41,89,12,2,16,73
1080.jpg,37,0.3243243243243243,0.6756756756756757,0.35135135135135137,25,12,13,24,111,12,3,21,90
1081.jpg,46,0.717391304347826,0.8260869565217391,0.10869565217391304,38,8,5,41,96,8,4,11,85
1082.jpg,47,0.7234042553191489,0.8297872340425532,0.10638297872340426,39,8,5,42,92,8,1,19,73
1083.jpg,37,0.45945945945945943,0.5675675675675675,0.10810810810810811,21,16,4,33,92,5,6,16,76
1084.jpg,38,0.0789473684210526,0.3684210526315789,0.2894736842105263,14,24,11,27,87,5,4,18,69
1085.jpg,33,0.5151515151515151,0.6666666666666666,0.15151515151515152,22,11,5,28,84,7,3,10,74
1086.jpg,43,0.3953488372093023,0.7441860465116279,0.3488372093023256,32,11,15,28,114,13,3,50,64
1087.jpg,40,0.575,0.625,0.05,25,15,2,38,98,4,6,7,91
1088.jpg,39,0.23076923076923078,0.38461538461538464,0.15384615384615385,15,24,6,33,83,7,3,14,69
1089.jpg,43,0.7441860465116279,0.8837209302325582,0.13953488372093023,38,5,6,37,97,9,4,20,77
1090.jpg,49,0.5714285714285714,0.6530612244897959,0.08163265306122448,32,17,4,45,78,8,5,13,65
1091.jpg,43,0.4651162790697675,0.5813953488372093,0.11627906976744186,25,18,5,38,91,10,6,23,68
1092.jpg,40,0.5499999999999999,0.7,0.15,28,12,6,34,87,3,3,7,80
1093.jpg,37,0.8648648648648649,0.8918918918918919,0.02702702702702703,33,4,1,36,102,6,7,9,93
1094.jpg,32,0.34375,0.75,0.40625,24,8,13,19,95,6,3,30,65
1095.jpg,30,0.4333333333333333,0.7,0.26666666666666666,21,9,8,22,99,8,4,24,75
1096.jpg,49,0.6938775510204082,0.8163265306122449,0.12244897959183673,40,9,6,43,89,10,5,11,78
1097.jpg,44,0.5909090909090908,0.7727272727272727,0.18181818181818182,34,10,8,36,95,7,4,21,74
1098.jpg,36,0.5,0.6666666666666666,0.16666666666666666,24,12,6,30,99,6,9,6,93
1099.jpg,37,0.16216216216216217,0.4864864864864865,0.32432432432432434,18,19,12,25,111,9,5,27,84
1100.jpg,32,0.53125,0.75,0.21875,24,8,7,25,118,10,2,28,90
1101.jpg,52,0.5961538461538463,0.7692307692307693,0.17307692307692307,40,12,9,43,78,11,5,13,65
1102.jpg,52,0.673076923076923,0.7884615384615384,0.11538461538461539,41,11,6,46,89,7,1,12,77
1103.jpg,35,0.4571428571428572,0.7142857142857143,0.2571428571428571,25,10,9,26,104,8,4,30,74
