image_name,n_participants_target,target_crr,target_hr,target_far,target_hit,target_miss,target_fa,target_cr,n_participants_filler,filler_hit,filler_miss,filler_fa,filler_cr
sun_aaarfmdkojiusxxl.png,47,0.7446808510638298,0.851063829787234,0.10638297872340426,40,7,5,42,111,10,0,23,88
sun_aabyitznzumhlxfw.png,42,0.4523809523809524,0.8095238095238095,0.35714285714285715,34,8,15,27,117,8,3,24,93
sun_aacekspsxnilxmlb.png,48,0.7083333333333334,0.8125,0.10416666666666667,39,9,5,43,107,8,4,10,97
sun_aackmxuaumbyjrvf.png,52,0.6538461538461537,0.8846153846153846,0.23076923076923078,46,6,12,40,99,8,1,16,83
sun_aadihymrhoihkumi.png,45,0.5777777777777777,0.7777777777777778,0.2,35,10,9,36,96,9,4,20,76
sun_aadqjcsvidqnqzzt.png,53,0.7358490566037736,0.9056603773584906,0.16981132075471697,48,5,9,44,111,15,0,15,96
sun_aadtmifyuvqcfkcr.png,42,0.8333333333333334,0.9047619047619048,0.07142857142857142,38,4,3,39,103,10,3,9,94
sun_aaeijzjhbdeibdjh.png,41,0.7804878048780488,0.8536585365853658,0.07317073170731707,35,6,3,38,97,15,2,7,90
sun_aafqetztbkmzxsif.png,54,0.6481481481481481,0.8148148148148148,0.16666666666666666,44,10,9,45,103,5,2,13,90
sun_aaguipoeqirlfvjn.png,30,0.6333333333333333,0.6333333333333333,0.0,19,11,0,30,105,12,4,5,100
sun_aahfqqcmvkdkcopk.png,47,0.6595744680851063,0.8085106382978723,0.14893617021276595,38,9,7,40,105,13,2,23,82
sun_aainymcaqysqtfjp.png,48,0.43750000000000006,0.7083333333333334,0.2708333333333333,34,14,13,35,99,10,2,37,62
sun_aaivnkepwwofsfnt.png,42,0.8333333333333333,0.8571428571428571,0.023809523809523808,36,6,1,41,108,14,2,7,101
sun_aajhoihcnufdqjdm.png,56,0.6607142857142857,0.7142857142857143,0.05357142857142857,40,16,3,53,96,15,2,1,95
sun_aalwixjkrhyiabdr.png,39,0.5897435897435898,0.717948717948718,0.1282051282051282,28,11,5,34,104,13,5,14,90
sun_aamlzecjkxlnoedl.png,39,0.48717948717948717,0.717948717948718,0.23076923076923078,28,11,9,30,109,4,7,26,83
sun_aampazmnmsxlwwwr.png,51,0.7843137254901961,0.803921568627451,0.0196078431372549,41,10,1,50,99,9,6,5,94
sun_aamvxnvouicstkjb.png,51,0.4509803921568627,0.6274509803921569,0.17647058823529413,32,19,9,42,94,6,4,19,75
sun_aaqmxnxoyktxhiwh.png,46,0.8695652173913043,0.9130434782608695,0.043478260869565216,42,4,2,44,110,15,0,13,97
sun_aastptdxbxbeiyto.png,44,0.5681818181818182,0.7272727272727273,0.1590909090909091,32,12,7,37,108,8,4,11,97
sun_aatywrsbdbluavkj.png,43,0.8372093023255813,0.9069767441860465,0.06976744186046512,39,4,3,40,115,10,0,9,106
sun_aavbhjizkngwwgjm.png,42,0.7619047619047619,0.8809523809523809,0.11904761904761904,37,5,5,37,107,13,0,8,99
sun_aavkypayfsvklgls.png,35,0.48571428571428565,0.8857142857142857,0.4,31,4,14,21,103,10,1,37,66
sun_aavuoscaegpbwspj.png,37,0.5945945945945946,0.8648648648648649,0.2702702702702703,32,5,10,27,94,9,2,34,60
sun_aaxdpgpohhvyemvc.png,38,0.7631578947368421,0.7894736842105263,0.02631578947368421,30,8,1,37,85,9,5,7,78
sun_aaysiohzbbdyrddc.png,48,0.6666666666666666,0.875,0.20833333333333334,42,6,10,38,113,12,1,17,96
sun_abbwggenhfbftyvi.png,45,0.6666666666666666,0.7555555555555555,0.08888888888888889,34,11,4,41,112,5,5,10,102
sun_abcexmhrrazffdxe.png,47,0.6170212765957447,0.6595744680851063,0.0425531914893617,31,16,2,45,108,15,4,7,101
sun_abcuurugvxwparpk.png,38,0.763157894736842,0.8157894736842105,0.05263157894736842,31,7,2,36,110,9,3,15,95
sun_abdagkpekttzgeks.png,43,0.6976744186046512,0.7441860465116279,0.046511627906976744,32,11,2,41,125,10,5,7,118
sun_abdczrckndvowcuw.png,50,0.8,0.88,0.08,44,6,4,46,108,8,2,12,96
sun_abdkucfijyhzjwdd.png,60,0.6166666666666666,0.6333333333333333,0.016666666666666666,38,22,1,59,95,12,3,7,88
sun_abghrjwhyotnsqlo.png,49,0.6122448979591837,0.7551020408163265,0.14285714285714285,37,12,7,42,116,11,6,14,102
sun_abgxynrdquqkpegr.png,36,0.7222222222222222,0.7777777777777778,0.05555555555555555,28,8,2,34,99,8,4,17,82
sun_abiovdygniqgkhhl.png,43,0.6511627906976745,0.7674418604651163,0.11627906976744186,33,10,5,38,103,8,5,12,91
sun_abixanxgsreeoifw.png,36,0.8055555555555555,0.8888888888888888,0.08333333333333333,32,4,3,33,97,14,1,14,83
sun_ablbdwfvmdkcfxka.png,55,0.4909090909090909,0.6363636363636364,0.14545454545454545,35,20,8,47,116,6,7,9,107
sun_ablgxmlqsejzolxh.png,40,0.8,0.875,0.075,35,5,3,37,118,10,4,13,105
sun_ablltreyppizkotj.png,48,0.9791666666666666,0.9791666666666666,0.0,47,1,0,48,102,12,2,2,100
sun_abluxelximwwmuuu.png,39,0.7692307692307692,0.8461538461538461,0.07692307692307693,33,6,3,36,81,5,1,5,76
sun_abmeycbiroafvvoi.png,32,0.65625,0.78125,0.125,25,7,4,28,101,6,5,12,89
sun_abmipmtqvlyxgafg.png,58,0.6379310344827587,0.7413793103448276,0.10344827586206896,43,15,6,52,81,11,6,9,72
sun_abnjymnsjlfptyxk.png,47,0.7446808510638298,0.9148936170212766,0.1702127659574468,43,4,8,39,105,14,0,19,86
sun_abnkpmayghxdvfig.png,45,0.5555555555555556,0.6666666666666666,0.1111111111111111,30,15,5,40,105,6,6,9,96
sun_abokeplpazkdxpps.png,48,0.625,0.7916666666666666,0.16666666666666666,38,10,8,40,100,4,2,13,87
sun_abolbvukvhubhpjk.png,44,0.49999999999999994,0.7954545454545454,0.29545454545454547,35,9,13,31,110,9,1,21,89
sun_abplnvvcxkcovrqi.png,44,0.6136363636363636,0.75,0.13636363636363635,33,11,6,38,133,9,5,12,121
sun_abreakywwicnpllq.png,56,0.7678571428571428,0.8571428571428571,0.08928571428571429,48,8,5,51,97,12,3,14,83
sun_abrfjuixgacomvzb.png,52,0.7884615384615384,0.8846153846153846,0.09615384615384616,46,6,5,47,95,10,4,16,79
sun_absoxzwctrlnjgvz.png,41,0.7560975609756098,0.8048780487804879,0.04878048780487805,33,8,2,39,116,10,4,10,106
sun_absxzamwemzkegmz.png,37,0.7837837837837838,0.8648648648648649,0.08108108108108109,32,5,3,34,103,10,1,13,90
sun_abtdndwgqyeufjvf.png,46,0.6956521739130435,0.8043478260869565,0.10869565217391304,37,9,5,41,108,6,1,18,90
sun_abtyfplefeymuefw.png,35,0.6571428571428573,0.8,0.14285714285714285,28,7,5,30,98,12,0,16,82
sun_abuaiinyegtbzuxg.png,45,0.6,0.6666666666666666,0.06666666666666667,30,15,3,42,102,13,8,4,98
sun_abvcwkmmpmjruuhb.png,40,0.7000000000000001,0.775,0.075,31,9,3,37,109,13,3,7,102
sun_abwkfmxrrczajrtw.png,42,0.6904761904761905,0.7380952380952381,0.047619047619047616,31,11,2,40,96,4,2,6,90
sun_abwkqvpdyigssyxa.png,50,0.6,0.86,0.26,43,7,13,37,100,7,2,29,71
sun_abzoglkibwvlanfr.png,44,0.7272727272727273,0.8181818181818182,0.09090909090909091,36,8,4,40,93,6,2,8,85
sun_acafxnfmbtjoupvz.png,40,0.7,0.85,0.15,34,6,6,34,107,14,2,10,97
sun_acapmatgnmqztpru.png,52,0.7115384615384615,0.8269230769230769,0.11538461538461539,43,9,6,46,106,12,2,17,89
sun_acbnfcctoyssyvie.png,54,0.7962962962962963,0.8333333333333334,0.037037037037037035,45,9,2,52,99,15,0,6,93
sun_accilwvadsvecujd.png,44,0.5454545454545454,0.6136363636363636,0.06818181818181818,27,17,3,41,114,10,2,12,102
sun_acclngswciyrjytf.png,50,0.78,0.84,0.06,42,8,3,47,105,11,7,10,95
sun_accvrsqmfcigfluj.png,33,0.6060606060606061,0.6060606060606061,0.0,20,13,0,33,108,7,4,5,103
sun_acddbhlzfptbekxj.png,42,0.6190476190476191,0.8809523809523809,0.2619047619047619,37,5,11,31,99,6,6,20,79
sun_aceuokyqoqhfsper.png,38,0.4473684210526316,0.5,0.05263157894736842,19,19,2,36,96,3,7,8,88
sun_acfxouwyduazdrjw.png,49,0.8571428571428572,0.9183673469387755,0.061224489795918366,45,4,3,46,108,14,0,7,101
sun_acgnzuuseaxyivpx.png,42,0.5476190476190477,0.7380952380952381,0.19047619047619047,31,11,8,34,96,11,5,13,83
sun_aciczgvqmadwxjdq.png,53,0.679245283018868,0.7547169811320755,0.07547169811320754,40,13,4,49,104,8,4,6,98
sun_ackillobvrmbwpyh.png,51,0.5686274509803921,0.7254901960784313,0.1568627450980392,37,14,8,43,97,10,5,15,82
sun_aclldlpvqpkxwuhq.png,43,0.6744186046511628,0.7209302325581395,0.046511627906976744,31,12,2,41,114,12,4,6,108
sun_acmucmjtzrjwrnki.png,38,0.6052631578947368,0.6842105263157895,0.07894736842105263,26,12,3,35,94,3,2,6,88
sun_acmxnsedgirrlcgi.png,37,0.5675675675675675,0.6216216216216216,0.05405405405405406,23,14,2,35,84,10,2,4,80
sun_acnawpjquedtdxuq.png,49,0.5714285714285714,0.5918367346938775,0.02040816326530612,29,20,1,48,105,2,9,5,100
sun_acogctmmxmuoyvfl.png,48,0.75,0.8541666666666666,0.10416666666666667,41,7,5,43,101,16,4,16,85
sun_acqkqticsyuapvci.png,43,0.6046511627906976,0.7441860465116279,0.13953488372093023,32,11,6,37,109,10,3,10,99
sun_acteouyhcdaxmeya.png,58,0.7068965517241379,0.7931034482758621,0.08620689655172414,46,12,5,53,90,7,5,7,83
sun_acuakodxedalqwqm.png,55,0.7454545454545455,0.8181818181818182,0.07272727272727272,45,10,4,51,92,11,1,5,87
sun_acuntvumcrillqnp.png,59,0.6779661016949153,0.8983050847457628,0.22033898305084745,53,6,13,46,105,3,4,21,84
sun_acvqlpihddkrdsjr.png,64,0.65625,0.796875,0.140625,51,13,9,55,108,12,1,7,101
sun_acwcxcfulvbjhqbm.png,30,0.6,0.7333333333333333,0.13333333333333333,22,8,4,26,93,8,5,4,89
sun_acxojtvutlkaurza.png,47,0.8723404255319149,0.9148936170212766,0.0425531914893617,43,4,2,45,105,12,2,9,96
sun_acygqcsddzddfxdg.png,51,0.7058823529411764,0.7647058823529411,0.058823529411764705,39,12,3,48,97,13,4,1,96
sun_acyletewwvoolvvv.png,54,0.6851851851851852,0.7592592592592593,0.07407407407407407,41,13,4,50,91,6,5,5,86
sun_aczwgyukesaajxnx.png,51,0.823529411764706,0.8627450980392157,0.0392156862745098,44,7,2,49,97,10,3,4,93
sun_aczxsecpjsxjcvms.png,44,0.7272727272727273,0.7954545454545454,0.06818181818181818,35,9,3,41,82,10,1,5,77
sun_adaqrcisdytbarzl.png,38,0.8947368421052632,0.9210526315789473,0.02631578947368421,35,3,1,37,110,8,1,5,105
sun_adaylgrrsdyzwsop.png,47,0.6170212765957447,0.8297872340425532,0.2127659574468085,39,8,10,37,108,10,2,26,82
sun_adchxphwsnqnicbz.png,56,0.7321428571428572,0.8035714285714286,0.07142857142857142,45,11,4,52,119,18,0,6,113
sun_addsacqmcbavfmcm.png,43,0.7209302325581396,0.8372093023255814,0.11627906976744186,36,7,5,38,126,9,3,12,114
sun_adephxvrriwlbwfd.png,39,0.7692307692307692,0.7948717948717948,0.02564102564102564,31,8,1,38,107,13,4,2,105
sun_adhidumqwnlzipih.png,51,0.5882352941176471,0.6862745098039216,0.09803921568627451,35,16,5,46,94,9,3,7,87
sun_adhwholkeuezccfu.png,51,0.6862745098039216,0.7450980392156863,0.058823529411764705,38,13,3,48,92,8,4,6,86
sun_adkonpxsblmtdukc.png,63,0.6825396825396826,0.8253968253968254,0.14285714285714285,52,11,9,54,96,9,5,18,78
sun_adlgdbbuechpggnx.png,50,0.78,0.8,0.02,40,10,1,49,103,8,4,7,96
sun_adnvgfxnkjimrlzh.png,50,0.72,0.72,0.0,36,14,0,50,97,9,0,6,91
sun_adoskwanicxyfwdg.png,42,0.7380952380952381,0.9047619047619048,0.16666666666666666,38,4,7,35,115,13,1,8,107
sun_adpnimdjxvbcaaug.png,51,0.43137254901960786,0.6274509803921569,0.19607843137254902,32,19,10,41,113,10,7,18,95
sun_adqmgymlumduelnn.png,43,0.5813953488372092,0.7441860465116279,0.16279069767441862,32,11,7,36,102,11,4,13,89
sun_adsaqedttiixgfrw.png,49,0.326530612244898,0.46938775510204084,0.14285714285714285,23,26,7,42,117,9,8,14,103
sun_advhcaufilhdkqnk.png,54,0.7407407407407407,0.7777777777777778,0.037037037037037035,42,12,2,52,112,10,4,16,96
sun_advvjenltmhprwfi.png,44,0.75,0.7954545454545454,0.045454545454545456,35,9,2,42,108,13,2,14,94
sun_adwucyplebawahma.png,55,0.8363636363636363,0.9090909090909091,0.07272727272727272,50,5,4,51,105,7,3,5,100
sun_adwvdrthivwjdnoq.png,41,0.5609756097560976,0.6829268292682927,0.12195121951219512,28,13,5,36,93,5,4,4,89
sun_adxskjksxrfjwfuy.png,50,0.7000000000000001,0.78,0.08,39,11,4,46,101,11,6,10,91
sun_adzohqnwmnqyeqxb.png,45,0.6222222222222222,0.6444444444444445,0.022222222222222223,29,16,1,44,113,10,9,7,106
sun_adzpfrapetechsfs.png,43,0.6744186046511628,0.8604651162790697,0.18604651162790697,37,6,8,35,91,11,1,17,74
sun_aebeqjjddmwjjzyx.png,49,0.5510204081632653,0.673469387755102,0.12244897959183673,33,16,6,43,114,8,2,20,94
sun_aebldafyhgsuczcd.png,36,0.6944444444444444,0.75,0.05555555555555555,27,9,2,34,101,9,3,6,95
sun_aebzthvpaouyftan.png,47,0.5319148936170213,0.7446808510638298,0.2127659574468085,35,12,10,37,101,13,1,11,90
sun_aederluuyyqktfqi.png,40,0.775,0.85,0.075,34,6,3,37,118,13,1,5,113
sun_aedggeuhrnhvsjsr.png,44,0.7727272727272727,0.8863636363636364,0.11363636363636363,39,5,5,39,118,17,0,13,105
sun_aedpfwkiwaclnhlo.png,54,0.6666666666666666,0.8703703703703703,0.2037037037037037,47,7,11,43,102,11,0,21,81
sun_aefcbrgrtkkhfznu.png,36,0.7777777777777778,0.8055555555555556,0.027777777777777776,29,7,1,35,99,9,4,8,91
sun_aeherdtnoxxjvwsm.png,36,0.5833333333333333,0.6388888888888888,0.05555555555555555,23,13,2,34,96,9,1,5,91
sun_aehmwnhywonrztaf.png,43,0.8604651162790697,0.9069767441860465,0.046511627906976744,39,4,2,41,112,10,1,10,102
sun_aeikthvfgvgivrru.png,31,0.7741935483870968,0.7741935483870968,0.0,24,7,0,31,101,10,3,6,95
sun_aekgzpfilgjxpeyq.png,51,0.7843137254901961,0.8431372549019608,0.058823529411764705,43,8,3,48,102,8,2,11,91
sun_aekvmhlnyqeuiqha.png,49,0.673469387755102,0.7755102040816326,0.10204081632653061,38,11,5,44,97,10,4,5,92
sun_aelvlqexqgwgmwxc.png,43,0.7441860465116279,0.8372093023255814,0.09302325581395349,36,7,4,39,109,8,6,13,96
sun_aelzjtbxluarmkwi.png,44,0.7727272727272727,0.8636363636363636,0.09090909090909091,38,6,4,40,99,12,2,23,76
sun_aeoxbagmsshgxswr.png,48,0.7083333333333333,0.8541666666666666,0.14583333333333334,41,7,7,41,99,12,2,8,91
sun_aepgkbouqieiaooe.png,47,0.7872340425531915,0.8723404255319149,0.0851063829787234,41,6,4,43,96,15,5,13,83
sun_aepjmmsymjuekcfe.png,43,0.6511627906976745,0.813953488372093,0.16279069767441862,35,8,7,36,98,10,2,11,87
sun_aeroqgzewiqbdocz.png,44,0.5454545454545454,0.6590909090909091,0.11363636363636363,29,15,5,39,120,9,11,14,106
sun_aesaekvccktziazd.png,36,0.6666666666666666,0.75,0.08333333333333333,27,9,3,33,99,8,5,6,93
sun_aesmjndpoqogyfap.png,60,0.5666666666666667,0.7666666666666667,0.2,46,14,12,48,106,8,3,21,85
sun_aetapihskrllrdnt.png,52,0.5769230769230769,0.5961538461538461,0.019230769230769232,31,21,1,51,99,10,7,10,89
sun_aetnuwjmmgjxuqav.png,55,0.6909090909090909,0.7818181818181819,0.09090909090909091,43,12,5,50,102,8,7,6,96
sun_aetxjdxldeqvhkof.png,38,0.8157894736842105,0.8157894736842105,0.0,31,7,0,38,106,11,2,5,101
sun_aeuhgepysvizzcme.png,46,0.717391304347826,0.8260869565217391,0.10869565217391304,38,8,5,41,109,11,8,5,104
sun_aevydkilnuhoseek.png,44,0.7954545454545454,0.8636363636363636,0.06818181818181818,38,6,3,41,96,10,3,3,93
sun_aexdqzgqahiggqzo.png,52,0.673076923076923,0.7307692307692307,0.057692307692307696,38,14,3,49,109,9,6,10,99
sun_aeyhqgbyhdhangzf.png,51,0.6274509803921569,0.7058823529411765,0.0784313725490196,36,15,4,47,112,11,10,11,101
sun_aeyhqikjypxeolsf.png,38,0.6578947368421053,0.7105263157894737,0.05263157894736842,27,11,2,36,96,7,1,13,83
sun_aeyoeoscvwmxyern.png,53,0.4716981132075471,0.6792452830188679,0.20754716981132076,36,17,11,42,101,9,5,10,91
sun_aezuhrkzpxgayaoe.png,41,0.7073170731707317,0.8292682926829268,0.12195121951219512,34,7,5,36,107,1,3,9,98
sun_afarueujnhehyyio.png,47,0.6595744680851063,0.7659574468085106,0.10638297872340426,36,11,5,42,94,9,3,10,84
sun_afdcgmejbrwqgeaa.png,43,0.8372093023255813,0.9069767441860465,0.06976744186046512,39,4,3,40,104,16,1,10,94
sun_affvsjiyenxuwonk.png,47,0.7021276595744681,0.8297872340425532,0.1276595744680851,39,8,6,41,95,9,6,10,85
sun_afgoiykvchxqotyz.png,52,0.6730769230769231,0.9038461538461539,0.23076923076923078,47,5,12,40,101,12,2,26,75
sun_afgqszlurifiuhge.png,50,0.62,0.7,0.08,35,15,4,46,110,10,9,7,103
sun_afhagvtspzxkrens.png,45,0.5111111111111112,0.6444444444444445,0.13333333333333333,29,16,6,39,108,4,3,10,98
sun_afinmakjhofvvybt.png,45,0.6000000000000001,0.6444444444444445,0.044444444444444446,29,16,2,43,122,4,9,3,119
sun_afizghkvlqvhlrde.png,41,0.7073170731707317,0.8292682926829268,0.12195121951219512,34,7,5,36,111,9,3,15,96
sun_afizqjodvavccawl.png,49,0.7755102040816326,0.8571428571428571,0.08163265306122448,42,7,4,45,86,8,4,10,76
sun_afknvxgaiewlzajc.png,47,0.7021276595744681,0.851063829787234,0.14893617021276595,40,7,7,40,101,8,2,13,88
sun_afkzhwaatxbdwyje.png,48,0.6041666666666666,0.625,0.020833333333333332,30,18,1,47,89,8,5,4,85
sun_aflimfqnnitwlrnb.png,49,0.6938775510204082,0.7346938775510204,0.04081632653061224,36,13,2,47,93,6,6,5,88
sun_afmyzinsyyriyqub.png,51,0.6470588235294118,0.8431372549019608,0.19607843137254902,43,8,10,41,98,14,1,22,76
sun_afnhigxlhzlkoaie.png,50,0.74,0.78,0.04,39,11,2,48,94,9,1,18,76
sun_afpumbfbcfocaczh.png,45,0.7555555555555556,0.8,0.044444444444444446,36,9,2,43,100,12,1,12,88
sun_afslrcwkonaoxlfi.png,59,0.5932203389830508,0.6271186440677966,0.03389830508474576,37,22,2,57,78,7,5,6,72
sun_aftfwqztcdyulcfl.png,41,0.7804878048780488,0.8536585365853658,0.07317073170731707,35,6,3,38,93,7,3,5,88
sun_aftqrthzncibopfq.png,45,0.6222222222222222,0.7555555555555555,0.13333333333333333,34,11,6,39,105,7,2,13,92
sun_afuhztgcqcvfxhnx.png,43,0.9069767441860465,0.9302325581395349,0.023255813953488372,40,3,1,42,115,10,4,10,105
sun_afvjmcszbcwjohfj.png,41,0.6829268292682926,0.8292682926829268,0.14634146341463414,34,7,6,35,89,8,5,5,84
sun_afvrukzssnqvdbtj.png,45,0.6444444444444445,0.7111111111111111,0.06666666666666667,32,13,3,42,89,5,2,10,79
sun_afwtvwqbxpipnabd.png,51,0.5686274509803921,0.6666666666666666,0.09803921568627451,34,17,5,46,99,8,1,9,90
sun_afxalkehxpwbgbec.png,53,0.6981132075471699,0.7547169811320755,0.05660377358490566,40,13,3,50,108,7,12,15,93
sun_afxcienzdiipcqgy.png,43,0.7209302325581395,0.7441860465116279,0.023255813953488372,32,11,1,42,109,6,5,5,104
sun_afxhpzsqiykuebcv.png,50,0.7,0.82,0.12,41,9,6,44,117,15,4,13,104
sun_agahwoovewlukywf.png,39,0.4615384615384615,0.6666666666666666,0.20512820512820512,26,13,8,31,110,7,8,9,101
sun_agdolklhpqyffjzl.png,49,0.4489795918367347,0.5918367346938775,0.14285714285714285,29,20,7,42,108,14,2,9,99
sun_agetcjmtbricmpuf.png,49,0.6734693877551021,0.8367346938775511,0.16326530612244897,41,8,8,41,105,5,4,21,84
sun_agfghckxllgaogeu.png,39,0.5128205128205128,0.717948717948718,0.20512820512820512,28,11,8,31,98,11,3,14,84
sun_agftyzlylkfwxclh.png,48,0.6875,0.7708333333333334,0.08333333333333333,37,11,4,44,106,9,6,3,103
sun_agfzeirwtkbdqehi.png,55,0.7636363636363636,0.8545454545454545,0.09090909090909091,47,8,5,50,109,14,3,12,97
sun_agitjjtogdteybqa.png,48,0.75,0.8333333333333334,0.08333333333333333,40,8,4,44,106,11,2,9,97
sun_agjapalzunkyfkne.png,46,0.7391304347826088,0.782608695652174,0.043478260869565216,36,10,2,44,125,9,7,7,118
sun_agkxxqnnwbazqygc.png,51,0.4705882352941176,0.8235294117647058,0.35294117647058826,42,9,18,33,82,8,1,14,68
sun_agloxzhvkzodurph.png,32,0.375,0.5,0.125,16,16,4,28,103,5,4,11,92
sun_aglpgqhselmbsjfe.png,36,0.6944444444444445,0.8611111111111112,0.16666666666666666,31,5,6,30,107,8,5,13,94
sun_agnvbaxppmkhgxvb.png,59,0.711864406779661,0.7796610169491526,0.06779661016949153,46,13,4,55,97,10,3,2,95
sun_agocibromfoaybuz.png,60,0.75,0.8,0.05,48,12,3,57,76,5,3,7,69
sun_agqdjnnfbgkosqgb.png,42,0.8095238095238095,0.8809523809523809,0.07142857142857142,37,5,3,39,89,6,4,7,82
sun_agqvzyuqlrbohisr.png,42,0.7619047619047619,0.7857142857142857,0.023809523809523808,33,9,1,41,94,5,3,5,89
sun_agreibglsxbjhxdt.png,35,0.5428571428571428,0.6,0.05714285714285714,21,14,2,33,107,10,1,7,100
sun_agrjebdfoyttpnap.png,43,0.8372093023255814,0.8837209302325582,0.046511627906976744,38,5,2,41,108,6,1,14,94
sun_agrqezteutcjldef.png,55,0.7272727272727272,0.8363636363636363,0.10909090909090909,46,9,6,49,114,19,0,17,97
sun_agtcwwbzxopcbizr.png,51,0.7450980392156863,0.7843137254901961,0.0392156862745098,40,11,2,49,108,9,5,4,104
sun_agvakjyhqviyjqpm.png,50,0.76,0.8,0.04,40,10,2,48,81,10,4,5,76
sun_agyrzgbpswqopvgk.png,49,0.6530612244897959,0.7755102040816326,0.12244897959183673,38,11,6,43,117,13,1,15,102
sun_agzpvimusqvinafc.png,57,0.6842105263157894,0.8421052631578947,0.15789473684210525,48,9,9,48,110,6,5,21,89
sun_ahagmsuehzsysfnv.png,37,0.5135135135135135,0.7837837837837838,0.2702702702702703,29,8,10,27,92,6,2,19,73
sun_ahawfngukizslzsd.png,43,0.6976744186046512,0.8372093023255814,0.13953488372093023,36,7,6,37,105,13,4,16,89
sun_ahbahrjecmcqevnk.png,47,0.6382978723404256,0.8936170212765957,0.2553191489361702,42,5,12,35,96,8,2,40,56
sun_ahbuavbvaffsgffr.png,43,0.7441860465116279,0.7674418604651163,0.023255813953488372,33,10,1,42,99,16,2,4,95
sun_ahbvxezbavapqote.png,42,0.7857142857142857,0.8809523809523809,0.09523809523809523,37,5,4,38,117,8,2,5,112
sun_aheytktztscwvheh.png,44,0.6136363636363636,0.7045454545454546,0.09090909090909091,31,13,4,40,94,8,4,5,89
sun_ahglqbfkxbqactrv.png,56,0.7321428571428572,0.8035714285714286,0.07142857142857142,45,11,4,52,91,7,2,10,81
sun_ahgmmtogcvszynnw.png,51,0.7254901960784315,0.803921568627451,0.0784313725490196,41,10,4,47,108,12,2,12,96
sun_ahgoshovjjkchffm.png,48,0.6041666666666666,0.7916666666666666,0.1875,38,10,9,39,97,9,4,12,85
sun_ahgpuyjjaigczdjf.png,42,0.7380952380952381,0.9047619047619048,0.16666666666666666,38,4,7,35,96,8,0,6,90
sun_ahhhaxrgmujfsusq.png,47,0.5957446808510638,0.7659574468085106,0.1702127659574468,36,11,8,39,124,10,4,18,106
sun_ahhpsbgnglzysmua.png,40,0.825,0.875,0.05,35,5,2,38,100,10,0,6,94
sun_ahhubkoftignudml.png,41,0.7560975609756098,0.8536585365853658,0.0975609756097561,35,6,4,37,91,6,4,7,84
sun_ahiglhenuwtgaend.png,38,0.736842105263158,0.8947368421052632,0.15789473684210525,34,4,6,32,103,6,2,11,92
sun_ahinlwkscbkxrxqu.png,63,0.8412698412698412,0.8888888888888888,0.047619047619047616,56,7,3,60,90,6,4,4,86
sun_ahlaslozkkgkrxlk.png,64,0.625,0.734375,0.109375,47,17,7,57,96,4,2,15,81
sun_ahntvxqzyuejrdcq.png,54,0.6666666666666667,0.8333333333333334,0.16666666666666666,45,9,9,45,103,15,2,12,91
sun_ahofjniqorznjqoe.png,56,0.5357142857142857,0.6964285714285714,0.16071428571428573,39,17,9,47,79,7,5,8,71
sun_ahqflounpzprmunk.png,47,0.5106382978723405,0.574468085106383,0.06382978723404255,27,20,3,44,106,6,6,11,95
sun_ahsqkpyxpyepjgxn.png,60,0.6666666666666666,0.7833333333333333,0.11666666666666667,47,13,7,53,89,5,2,6,83
sun_ahtymmdypyqqmthn.png,44,0.8181818181818181,0.9090909090909091,0.09090909090909091,40,4,4,40,104,8,4,10,94
sun_ahujrsarquffritc.png,41,0.5365853658536586,0.6341463414634146,0.0975609756097561,26,15,4,37,109,9,4,4,105
sun_ahuuqwuiimtlymux.png,45,0.5555555555555556,0.8222222222222222,0.26666666666666666,37,8,12,33,108,12,2,29,79
sun_ahvaoneopufydell.png,55,0.709090909090909,0.8545454545454545,0.14545454545454545,47,8,8,47,99,14,4,8,91
sun_ahvmneulgayfmkqm.png,47,0.7446808510638298,0.8297872340425532,0.0851063829787234,39,8,4,43,93,11,3,6,87
sun_ahvsimquxdczxoix.png,49,0.7551020408163266,0.8163265306122449,0.061224489795918366,40,9,3,46,110,9,1,9,101
sun_ahzkcnxntuakjgmo.png,39,0.641025641025641,0.8461538461538461,0.20512820512820512,33,6,8,31,93,5,3,7,86
sun_aiclrokyjyalssnp.png,35,0.6285714285714286,0.8285714285714286,0.2,29,6,7,28,101,13,4,13,88
sun_aicyakexfevdjfib.png,36,0.8333333333333334,0.8611111111111112,0.027777777777777776,31,5,1,35,98,14,5,5,93
sun_aidzostvaltvaups.png,40,0.625,0.75,0.125,30,10,5,35,100,7,3,15,85
sun_aiewrdgnruljdrnc.png,45,0.6222222222222222,0.8666666666666667,0.24444444444444444,39,6,11,34,111,20,3,27,84
sun_aigoeesjpnlxivax.png,40,0.575,0.6,0.025,24,16,1,39,98,6,5,5,93
sun_aigujudcinwafrqo.png,59,0.5593220338983051,0.6101694915254238,0.05084745762711865,36,23,3,56,109,15,5,9,100
sun_aihfaarwvxfxnedz.png,50,0.66,0.74,0.08,37,13,4,46,102,13,1,6,96
sun_aiiznvzxcqhviikn.png,31,0.5483870967741935,0.8064516129032258,0.25806451612903225,25,6,8,23,109,11,5,14,95
sun_aikqsqvvzmlsithy.png,63,0.6190476190476191,0.6666666666666666,0.047619047619047616,42,21,3,60,97,12,2,10,87
sun_aimgpzwaczlgqief.png,55,0.45454545454545453,0.6545454545454545,0.2,36,19,11,44,113,10,10,26,87
sun_ainvjlcupeqwowdc.png,36,0.6111111111111112,0.8055555555555556,0.19444444444444445,29,7,7,29,108,8,6,19,89
sun_aiocgjwcthdvttcs.png,47,0.4893617021276596,0.6382978723404256,0.14893617021276595,30,17,7,40,106,10,3,11,95
sun_aioeiallqtbfjymn.png,37,0.4324324324324324,0.5135135135135135,0.08108108108108109,19,18,3,34,110,11,10,11,99
sun_airailhtdwurkwef.png,54,0.7407407407407407,0.8148148148148148,0.07407407407407407,44,10,4,50,111,7,6,4,107
sun_aiswdqfgkxllgxqb.png,50,0.72,0.78,0.06,39,11,3,47,117,5,4,2,115
sun_aiwxbaalhxdditjo.png,47,0.5744680851063829,0.6808510638297872,0.10638297872340426,32,15,5,42,104,3,6,11,93
sun_aixamttniqkzhijr.png,39,0.7179487179487178,0.7948717948717948,0.07692307692307693,31,8,3,36,110,9,2,11,99
sun_aixpqndlwhwjtjek.png,46,0.717391304347826,0.8260869565217391,0.10869565217391304,38,8,5,41,103,15,1,14,89
sun_aiyateqpyzjsizas.png,49,0.5306122448979591,0.7755102040816326,0.24489795918367346,38,11,12,37,114,8,5,17,97
sun_aiycovwctjlqxwbl.png,48,0.5,0.6875,0.1875,33,15,9,39,113,5,3,22,91
sun_aiycurtqsfkvcaso.png,44,0.4318181818181818,0.75,0.3181818181818182,33,11,14,30,107,9,3,23,84
sun_aiyyoznfcwvcogaf.png,34,0.4705882352941177,0.7058823529411765,0.23529411764705882,24,10,8,26,90,8,3,19,71
sun_ajadvewmegqmgagz.png,39,0.6923076923076923,0.717948717948718,0.02564102564102564,28,11,1,38,95,8,5,7,88
sun_ajdofftheuhszftu.png,47,0.7872340425531915,0.851063829787234,0.06382978723404255,40,7,3,44,93,12,1,2,91
sun_ajemqpllzueglsic.png,45,0.6888888888888889,0.8444444444444444,0.15555555555555556,38,7,7,38,108,11,4,13,95
sun_ajewicelqnljfrit.png,41,0.7317073170731707,0.8292682926829268,0.0975609756097561,34,7,4,37,114,14,3,10,104
sun_ajfeiiszphblpacd.png,50,0.66,0.76,0.1,38,12,5,45,117,17,2,13,104
sun_ajgbrtneyyhkyicn.png,51,0.7254901960784313,0.8235294117647058,0.09803921568627451,42,9,5,46,97,8,4,7,90
sun_ajilxnxswzeajiua.png,39,0.6923076923076923,0.8205128205128205,0.1282051282051282,32,7,5,34,89,5,8,10,79
sun_ajiqqgredizowbgu.png,31,0.6774193548387096,0.7741935483870968,0.0967741935483871,24,7,3,28,105,12,5,19,86
sun_ajjbdzmdpvrckwmh.png,43,0.4651162790697674,0.7209302325581395,0.2558139534883721,31,12,11,32,89,10,3,23,66
sun_ajjrfxwkaspzgwnq.png,34,0.7058823529411764,0.8529411764705882,0.14705882352941177,29,5,5,29,129,12,1,17,112
sun_ajmtpcneyaryltkb.png,23,0.6086956521739131,0.6086956521739131,0.0,14,9,0,23,111,5,7,8,103
sun_ajnlkyeubhatsusk.png,39,0.641025641025641,0.7948717948717948,0.15384615384615385,31,8,6,33,105,14,1,9,96
sun_ajpcddiyaryyekgz.png,48,0.7083333333333334,0.8125,0.10416666666666667,39,9,5,43,107,3,4,12,95
sun_ajqihdtigkqdrfxs.png,41,0.8048780487804877,0.8292682926829268,0.024390243902439025,34,7,1,40,106,9,6,2,104
sun_ajqynqzszvofjftb.png,48,0.75,0.8125,0.0625,39,9,3,45,107,12,4,7,100
sun_ajujghcjcfkzfqjk.png,34,0.7941176470588235,0.7941176470588235,0.0,27,7,0,34,106,7,2,9,97
sun_ajvuxxwkdwbfbzrs.png,53,0.6981132075471699,0.7924528301886793,0.09433962264150944,42,11,5,48,99,8,2,7,92
sun_ajvxdivvhxzjwjts.png,49,0.5510204081632654,0.7142857142857143,0.16326530612244897,35,14,8,41,99,13,2,17,82
sun_ajxvfbkqwjiptuzi.png,49,0.9183673469387755,0.9387755102040817,0.02040816326530612,46,3,1,48,111,13,0,4,107
sun_ajygurrzpfxqejqc.png,37,0.972972972972973,0.972972972972973,0.0,36,1,0,37,109,9,2,3,106
sun_akafihdxnqphclgg.png,39,0.4102564102564103,0.6153846153846154,0.20512820512820512,24,15,8,31,102,5,2,10,92
sun_akbmrcehrbmeolgj.png,32,0.8125,0.875,0.0625,28,4,2,30,113,11,1,18,95
sun_akcdbodbkmfeupxp.png,36,0.33333333333333337,0.5277777777777778,0.19444444444444445,19,17,7,29,105,3,4,7,98
sun_akcjhylvxeufyjjh.png,30,0.8333333333333334,0.8666666666666667,0.03333333333333333,26,4,1,29,93,7,3,4,89
sun_akcxxbgqrapnmrqt.png,32,0.625,0.75,0.125,24,8,4,28,98,5,6,15,83
sun_akgkqrlniaaogoza.png,45,0.6888888888888889,0.8222222222222222,0.13333333333333333,37,8,6,39,104,12,0,10,94
sun_akgvxfuhgujhjjpq.png,44,0.7954545454545454,0.9318181818181818,0.13636363636363635,41,3,6,38,99,8,4,3,96
sun_akgzvlccxlhxuygw.png,48,0.8541666666666667,0.8958333333333334,0.041666666666666664,43,5,2,46,95,9,6,5,90
sun_akjppmhxrhxoqlhf.png,43,0.6976744186046511,0.7209302325581395,0.023255813953488372,31,12,1,42,109,11,4,4,105
sun_akjrblsftiiheycg.png,49,0.5714285714285714,0.6530612244897959,0.08163265306122448,32,17,4,45,122,8,10,9,113
sun_akkcfpsvyokmlmwo.png,41,0.6097560975609756,0.7317073170731707,0.12195121951219512,30,11,5,36,100,5,6,2,98
sun_akkomfouoppmfooc.png,47,0.5319148936170213,0.6170212765957447,0.0851063829787234,29,18,4,43,109,12,7,7,102
sun_akltcbkzrqttydda.png,35,0.5714285714285714,0.7428571428571429,0.17142857142857143,26,9,6,29,85,6,4,13,72
sun_akmamktsodsljmlk.png,54,0.7592592592592593,0.8703703703703703,0.1111111111111111,47,7,6,48,90,10,4,16,74
sun_akmjsexipenbwljx.png,40,0.55,0.775,0.225,31,9,9,31,84,9,2,13,71
sun_akojxcvbbcjcajzr.png,49,0.673469387755102,0.6938775510204082,0.02040816326530612,34,15,1,48,103,11,4,8,95
sun_akqvdmuauoxeafrj.png,41,0.6341463414634146,0.7317073170731707,0.0975609756097561,30,11,4,37,84,8,3,7,77
sun_akrdzuurrlitqjdv.png,39,0.6666666666666667,0.8717948717948718,0.20512820512820512,34,5,8,31,116,15,4,11,105
sun_akslsuexphhsbpwm.png,55,0.6545454545454545,0.7454545454545455,0.09090909090909091,41,14,5,50,102,11,6,4,98
sun_akubqvqnwwfxhdab.png,51,0.7254901960784313,0.7843137254901961,0.058823529411764705,40,11,3,48,93,8,4,6,87
sun_akwiywaquuwvcixm.png,55,0.6727272727272727,0.7454545454545455,0.07272727272727272,41,14,4,51,87,4,4,6,81
sun_akwsgpcjdzcxsyzx.png,41,0.3902439024390244,0.4634146341463415,0.07317073170731707,19,22,3,38,106,12,9,9,97
sun_akxlbeczevhjtdyg.png,46,0.6086956521739131,0.8043478260869565,0.1956521739130435,37,9,9,37,113,8,4,19,94
sun_akyvvdrfhhpkxguz.png,63,0.8095238095238095,0.8571428571428571,0.047619047619047616,54,9,3,60,104,11,6,5,99
sun_alagufqsctztfexh.png,63,0.5396825396825398,0.6190476190476191,0.07936507936507936,39,24,5,58,104,10,5,7,97
sun_alcdwocqmwxiytcj.png,46,0.4782608695652174,0.6521739130434783,0.17391304347826086,30,16,8,38,105,6,5,10,95
sun_aldiqdwgauilevkh.png,43,0.7906976744186046,0.813953488372093,0.023255813953488372,35,8,1,42,104,9,5,10,94
sun_alebavahgbcjlilw.png,33,0.7272727272727273,0.8484848484848485,0.12121212121212122,28,5,4,29,108,15,5,12,96
sun_alebmrufxkmvdazd.png,36,0.6666666666666666,0.7222222222222222,0.05555555555555555,26,10,2,34,108,12,4,7,101
sun_aledfdjvdimdvcmx.png,49,0.7755102040816326,0.8775510204081632,0.10204081632653061,43,6,5,44,93,13,2,18,75
sun_alemrcsvbnxhrekg.png,33,0.7272727272727273,0.8484848484848485,0.12121212121212122,28,5,4,29,97,5,2,13,84
sun_alfmjdhrlxodshvz.png,43,0.813953488372093,0.8837209302325582,0.06976744186046512,38,5,3,40,103,12,3,4,99
sun_alfyxziavorwrczv.png,40,0.6000000000000001,0.8,0.2,32,8,8,32,101,11,4,18,83
sun_alfznclqzuxrhweo.png,54,0.537037037037037,0.7962962962962963,0.25925925925925924,43,11,14,40,103,11,3,22,81
sun_algtwbhyauhzyhmf.png,49,0.6938775510204082,0.7346938775510204,0.04081632653061224,36,13,2,47,110,12,3,14,96
sun_algzpsdpasysjynx.png,40,0.75,0.825,0.075,33,7,3,37,75,7,6,7,68
sun_alhseeozcjpajeio.png,46,0.7608695652173914,0.8043478260869565,0.043478260869565216,37,9,2,44,104,4,4,4,100
sun_aliqepetuupwdpip.png,60,0.8166666666666667,0.8666666666666667,0.05,52,8,3,57,95,5,1,3,92
sun_aljzsnpyavrniktw.png,39,0.7948717948717949,0.8717948717948718,0.07692307692307693,34,5,3,36,106,4,3,7,99
sun_alkqvjonkkzzbzzi.png,50,0.64,0.8,0.16,40,10,8,42,118,7,2,29,89
sun_almeohhkbhjhcqgz.png,43,0.7674418604651162,0.9069767441860465,0.13953488372093023,39,4,6,37,118,10,2,7,111
sun_almtnksfxwvylcgf.png,36,0.6944444444444444,0.8055555555555556,0.1111111111111111,29,7,4,32,93,7,4,10,83
sun_alnhhgplueakosls.png,43,0.6976744186046512,0.7674418604651163,0.06976744186046512,33,10,3,40,88,10,3,12,76
sun_alotohxgvdhrbzjl.png,58,0.689655172413793,0.8620689655172413,0.1724137931034483,50,8,10,48,99,7,5,17,82
sun_alpractqeyizbear.png,58,0.603448275862069,0.6724137931034483,0.06896551724137931,39,19,4,54,107,5,4,4,103
sun_alpuqwdcwzfoohan.png,49,0.7142857142857143,0.7346938775510204,0.02040816326530612,36,13,1,48,95,3,4,2,93
sun_alqmqymrljxfqbpe.png,40,0.75,0.8,0.05,32,8,2,38,109,13,2,5,104
sun_alrenxdoluotfeqf.png,46,0.6304347826086957,0.6739130434782609,0.043478260869565216,31,15,2,44,101,8,3,16,85
sun_alrysulkkfkuicub.png,47,0.7446808510638299,0.8723404255319149,0.1276595744680851,41,6,6,41,108,9,0,24,84
sun_alsdrvwzxzjqstbk.png,36,0.6388888888888888,0.75,0.1111111111111111,27,9,4,32,101,9,4,14,87
sun_alsovurcebalnckj.png,44,0.5909090909090908,0.6818181818181818,0.09090909090909091,30,14,4,40,103,9,3,3,100
sun_altcuqgtvipeafki.png,48,0.75,0.8958333333333334,0.14583333333333334,43,5,7,41,108,14,3,4,104
sun_altqhwdkhhelfrdm.png,45,0.8444444444444444,0.8666666666666667,0.022222222222222223,39,6,1,44,98,5,4,12,86
sun_alvigraaitfxmeoo.png,46,0.3043478260869565,0.5652173913043478,0.2608695652173913,26,20,12,34,95,11,3,17,78
sun_alvoexkareccqxgq.png,48,0.6458333333333334,0.8333333333333334,0.1875,40,8,9,39,98,9,2,6,92
sun_alwjznlvhejgalis.png,43,0.8372093023255814,0.8837209302325582,0.046511627906976744,38,5,2,41,104,9,9,5,99
sun_alxwctpznvhdmofk.png,50,0.78,0.86,0.08,43,7,4,46,91,7,2,11,80
sun_alzxzrwqvsuffwri.png,57,0.7719298245614035,0.8596491228070176,0.08771929824561403,49,8,5,52,96,6,2,15,81
sun_amanmfpjqehuimzl.png,46,0.8043478260869565,0.8695652173913043,0.06521739130434782,40,6,3,43,104,15,2,15,89
sun_amdsijhmjiunojms.png,42,0.6428571428571429,0.7380952380952381,0.09523809523809523,31,11,4,38,116,9,7,8,108
sun_amgxpaucmznjfszv.png,49,0.5918367346938775,0.6938775510204082,0.10204081632653061,34,15,5,44,116,9,6,20,96
sun_amhygsoqlfgvcnwn.png,44,0.6590909090909091,0.8636363636363636,0.20454545454545456,38,6,9,35,108,9,3,35,73
sun_amiabbtnhsniqxxi.png,47,0.6170212765957447,0.6595744680851063,0.0425531914893617,31,16,2,45,94,12,2,4,90
sun_amirvaewncjrhrji.png,36,0.4722222222222222,0.6388888888888888,0.16666666666666666,23,13,6,30,114,12,5,16,98
sun_amjeharpteceokak.png,49,0.5510204081632654,0.8367346938775511,0.2857142857142857,41,8,14,35,104,8,1,29,75
sun_amjxduwonsnknmzq.png,53,0.7547169811320755,0.8679245283018868,0.11320754716981132,46,7,6,47,103,2,1,5,98
sun_amkrexmzqdcufnah.png,43,0.7674418604651163,0.813953488372093,0.046511627906976744,35,8,2,41,109,8,4,8,101
sun_amkuuhdadzzzfvni.png,45,0.7777777777777778,0.8,0.022222222222222223,36,9,1,44,98,7,5,4,94
sun_amlushkvkmkboxwl.png,32,0.59375,0.6875,0.09375,22,10,3,29,86,6,4,5,81
sun_ammbnoambmhdxdwd.png,45,0.7777777777777777,0.8888888888888888,0.1111111111111111,40,5,5,40,115,10,2,11,104
sun_ammqjlktystudwsz.png,40,0.775,0.9,0.125,36,4,5,35,106,7,5,13,93
sun_amnuohiykcfqgvft.png,54,0.7222222222222222,0.8148148148148148,0.09259259259259259,44,10,5,49,103,13,4,17,86
sun_amnyqhtcnmthazfl.png,54,0.6851851851851851,0.7407407407407407,0.05555555555555555,40,14,3,51,106,8,6,13,93
sun_amqevktaidsufzef.png,48,0.5625,0.6875,0.125,33,15,6,42,99,10,4,12,87
sun_amqmkagzucwpdrvy.png,52,0.8076923076923077,0.9038461538461539,0.09615384615384616,47,5,5,47,96,16,3,7,89
sun_amrnwhhcrashwphd.png,43,0.6976744186046511,0.7906976744186046,0.09302325581395349,34,9,4,39,88,7,3,5,83
sun_amrrjqquiadyblpv.png,35,0.6285714285714286,0.6571428571428571,0.02857142857142857,23,12,1,34,103,9,5,5,98
sun_amrsltollarnzjhe.png,36,0.7222222222222222,0.9166666666666666,0.19444444444444445,33,3,7,29,106,12,4,23,83
sun_amskivhvbmabakdn.png,48,0.6041666666666666,0.6666666666666666,0.0625,32,16,3,45,111,6,4,21,90
sun_amsxrikcuhcctcic.png,48,0.6666666666666666,0.8541666666666666,0.1875,41,7,9,39,113,12,1,13,100
sun_amttpvaevkanjyms.png,31,0.6451612903225806,0.7741935483870968,0.12903225806451613,24,7,4,27,114,8,4,17,97
sun_amtugpqionwfaitt.png,56,0.6607142857142858,0.7678571428571429,0.10714285714285714,43,13,6,50,124,13,2,11,113
sun_amvjipfsvafczhwg.png,53,0.7358490566037736,0.8113207547169812,0.07547169811320754,43,10,4,49,101,9,3,8,93
sun_amvyzgieqllyakod.png,45,0.5777777777777777,0.7333333333333333,0.15555555555555556,33,12,7,38,106,11,3,12,94
sun_amwzviotqfacmekh.png,42,0.6190476190476191,0.8095238095238095,0.19047619047619047,34,8,8,34,103,11,4,13,90
sun_amxzetclivhmylma.png,51,0.7647058823529412,0.803921568627451,0.0392156862745098,41,10,2,49,94,11,1,5,89
sun_amzfaaifcljsejcp.png,44,0.7727272727272728,0.8181818181818182,0.045454545454545456,36,8,2,42,98,9,5,7,91
sun_anbnxzmccfzzvhvs.png,46,0.5,0.5869565217391305,0.08695652173913043,27,19,4,42,101,4,2,7,94
sun_anbsyvzrmxjixoas.png,46,0.7391304347826088,0.782608695652174,0.043478260869565216,36,10,2,44,112,8,2,4,108
sun_ancegghzusmmvzjn.png,45,0.6888888888888889,0.8444444444444444,0.15555555555555556,38,7,7,38,114,18,0,28,86
sun_anepqgxfijgwjkem.png,46,0.673913043478261,0.7608695652173914,0.08695652173913043,35,11,4,42,93,14,2,16,77
sun_anfplyloxlsomyad.png,44,0.6590909090909092,0.8409090909090909,0.18181818181818182,37,7,8,36,108,7,7,20,88
sun_angurhxxqlgixqia.png,52,0.75,0.8269230769230769,0.07692307692307693,43,9,4,48,86,5,4,8,78
sun_ankbihpzdlhpnmvp.png,52,0.6153846153846154,0.8653846153846154,0.25,45,7,13,39,95,11,4,24,71
sun_ankgbmgntdzaofeu.png,31,0.7096774193548386,0.8064516129032258,0.0967741935483871,25,6,3,28,104,13,2,8,96
sun_ankwpfzsrnmzgnru.png,46,0.3695652173913043,0.5,0.13043478260869565,23,23,6,40,87,6,10,5,82
sun_anlnwclxnlzcdsic.png,46,0.6086956521739131,0.6956521739130435,0.08695652173913043,32,14,4,42,92,10,4,12,80
sun_anmhtrpsulapelso.png,40,0.7250000000000001,0.9,0.175,36,4,7,33,100,4,4,8,92
sun_anoxxddurxsbnxdx.png,50,0.54,0.66,0.12,33,17,6,44,121,7,4,7,114
sun_anoysehdxqvtblch.png,54,0.6851851851851852,0.9074074074074074,0.2222222222222222,49,5,12,42,98,6,1,18,80
sun_anpdzpsubrdncofi.png,48,0.7291666666666667,0.7708333333333334,0.041666666666666664,37,11,2,46,96,8,3,8,88
sun_anqzetsjxvgxvbli.png,52,0.7115384615384616,0.8461538461538461,0.1346153846153846,44,8,7,45,105,8,3,17,88
sun_anrpxwajunxbolfb.png,52,0.40384615384615385,0.5576923076923077,0.15384615384615385,29,23,8,44,94,7,3,13,81
sun_anttrbcjldhkvmky.png,40,0.65,0.65,0.0,26,14,0,40,102,16,8,5,97
sun_anuccyypakddkvpd.png,52,0.8076923076923077,0.9038461538461539,0.09615384615384616,47,5,5,47,103,7,2,14,89
sun_anucnzvdtnqbicra.png,48,0.6666666666666666,0.875,0.20833333333333334,42,6,10,38,112,8,4,25,87
sun_anuugheuandexaxq.png,48,0.5625,0.6458333333333334,0.08333333333333333,31,17,4,44,87,5,5,11,76
sun_anuvusdcoiiwykfa.png,42,0.6904761904761905,0.8571428571428571,0.16666666666666666,36,6,7,35,99,10,1,9,90
sun_anvodyjdsggscsle.png,42,0.7857142857142858,0.8333333333333334,0.047619047619047616,35,7,2,40,102,12,0,17,85
sun_anvrixbclgrqwwyg.png,50,0.62,0.64,0.02,32,18,1,49,101,9,5,10,91
sun_anwslxkaxvqvypzz.png,46,0.5434782608695652,0.6739130434782609,0.13043478260869565,31,15,6,40,109,3,4,11,98
sun_anxhruonipwfydod.png,41,0.6341463414634146,0.6585365853658537,0.024390243902439025,27,14,1,40,90,9,2,4,86
sun_anxvokcnbgorcxsb.png,56,0.7678571428571429,0.8035714285714286,0.03571428571428571,45,11,2,54,95,9,3,5,90
sun_aoazbzmyvzxdellz.png,44,0.7272727272727273,0.8181818181818182,0.09090909090909091,36,8,4,40,106,13,3,7,99
sun_aobevcyhidndexzs.png,34,0.7647058823529411,0.8529411764705882,0.08823529411764706,29,5,3,31,112,12,4,12,100
sun_aobohnxcniotaovl.png,53,0.679245283018868,0.9245283018867925,0.24528301886792453,49,4,13,40,99,11,3,16,83
sun_aochwmrmihojanwr.png,49,0.6938775510204082,0.7959183673469388,0.10204081632653061,39,10,5,44,94,9,7,8,86
sun_aodtijqkwsygbegt.png,47,0.723404255319149,0.7872340425531915,0.06382978723404255,37,10,3,44,106,8,3,10,96
sun_aofdxcazaotxepqz.png,34,0.6176470588235294,0.6470588235294118,0.029411764705882353,22,12,1,33,106,9,4,4,102
sun_aogfueenyswxzidp.png,36,0.9166666666666666,0.9444444444444444,0.027777777777777776,34,2,1,35,121,7,3,6,115
sun_aogrjjelveuftxwk.png,40,0.6000000000000001,0.775,0.175,31,9,7,33,106,8,5,22,84
sun_aojnhalrhfmmhrly.png,41,0.5609756097560975,0.6097560975609756,0.04878048780487805,25,16,2,39,99,11,4,10,89
sun_aojxrjqquphceyco.png,49,0.6734693877551021,0.8163265306122449,0.14285714285714285,40,9,7,42,105,15,2,17,88
sun_aojylfujoazxivli.png,43,0.5813953488372093,0.627906976744186,0.046511627906976744,27,16,2,41,118,10,7,12,106
sun_aokeiykmgjwvzttw.png,36,0.4166666666666667,0.4166666666666667,0.0,15,21,0,36,103,7,9,10,93
sun_aomfabtifhzkcbdg.png,39,0.3333333333333333,0.48717948717948717,0.15384615384615385,19,20,6,33,85,6,8,9,76
sun_aondmbcrpcpdjarh.png,54,0.7777777777777778,0.8703703703703703,0.09259259259259259,47,7,5,49,103,8,3,9,94
sun_aondzoggxyejkaqo.png,46,0.7608695652173914,0.8478260869565217,0.08695652173913043,39,7,4,42,113,11,2,7,106
sun_aonxtmxwjuubcnhj.png,48,0.5208333333333334,0.6458333333333334,0.125,31,17,6,42,103,8,9,13,90
sun_aooinnxyfefffynx.png,45,0.4444444444444445,0.5555555555555556,0.1111111111111111,25,20,5,40,85,6,9,5,80
sun_aooqimbykkzecvyc.png,39,0.5897435897435896,0.7948717948717948,0.20512820512820512,31,8,8,31,103,7,2,30,73
sun_aopyvswsqulaluiu.png,47,0.851063829787234,0.8723404255319149,0.02127659574468085,41,6,1,46,115,6,4,4,111
sun_aoqxiwkfvmyyputq.png,45,0.7777777777777778,0.7777777777777778,0.0,35,10,0,45,97,12,4,2,95
sun_aorgavukezzcysrk.png,45,0.7111111111111111,0.9333333333333333,0.2222222222222222,42,3,10,35,109,13,4,14,95
sun_aotfathzvfqkviyv.png,35,0.8285714285714285,0.9142857142857143,0.08571428571428572,32,3,3,32,104,10,1,18,86
sun_aougeyvlmbkzhkyr.png,44,0.7727272727272727,0.7727272727272727,0.0,34,10,0,44,114,9,6,9,105
sun_aowiyunizehotuwc.png,40,0.65,0.675,0.025,27,13,1,39,103,7,6,3,100
sun_aowksagtgggbnjqi.png,48,0.8333333333333334,0.875,0.041666666666666664,42,6,2,46,88,6,1,9,79
sun_aowuhwvpxbmeldhk.png,49,0.5714285714285715,0.6326530612244898,0.061224489795918366,31,18,3,46,106,8,5,8,98
sun_apbghnvhpvfqoptw.png,56,0.7678571428571428,0.7857142857142857,0.017857142857142856,44,12,1,55,114,10,4,1,113
sun_apbyivlpmbrbgytk.png,46,0.6521739130434783,0.6739130434782609,0.021739130434782608,31,15,1,45,120,17,9,7,113
sun_apdixtwtaavqqonf.png,44,0.6363636363636365,0.7045454545454546,0.06818181818181818,31,13,3,41,96,10,5,13,83
sun_apgzmmrheaequxkk.png,46,0.5869565217391304,0.6739130434782609,0.08695652173913043,31,15,4,42,114,9,7,13,101
sun_aphxoinopcooqdkc.png,50,0.74,0.9,0.16,45,5,8,42,90,7,0,11,79
sun_apjhglhqiljqcdkc.png,51,0.47058823529411764,0.6666666666666666,0.19607843137254902,34,17,10,41,103,11,3,18,85
sun_apjorzrmogzguovm.png,46,0.6086956521739131,0.782608695652174,0.17391304347826086,36,10,8,38,107,14,2,18,89
sun_aplbwxtktljuctyq.png,44,0.5909090909090908,0.6818181818181818,0.09090909090909091,30,14,4,40,104,15,4,9,95
sun_aplomddyhizgxccz.png,45,0.7777777777777778,0.8,0.022222222222222223,36,9,1,44,98,11,3,1,97
sun_apmhovgvmxvpdxlw.png,48,0.7083333333333334,0.8125,0.10416666666666667,39,9,5,43,98,11,1,6,92
sun_apnwogngdaronflf.png,56,0.5535714285714286,0.6964285714285714,0.14285714285714285,39,17,8,48,110,8,5,22,88
sun_apqmswevsqhefqjf.png,34,0.588235294117647,0.8235294117647058,0.23529411764705882,28,6,8,26,124,13,2,32,92
sun_apqqaoxvnhplfvsk.png,40,0.6749999999999999,0.7,0.025,28,12,1,39,97,8,5,5,92
sun_aprgbwgrwequqing.png,58,0.5862068965517242,0.6206896551724138,0.034482758620689655,36,22,2,56,99,7,7,8,91
sun_aptemiigmkoelcen.png,41,0.5365853658536586,0.6341463414634146,0.0975609756097561,26,15,4,37,112,14,6,5,107
sun_apurpjgazkgbnbew.png,48,0.4791666666666667,0.5208333333333334,0.041666666666666664,25,23,2,46,107,8,1,9,98
sun_apvqljxdifvmyadx.png,48,0.5625,0.75,0.1875,36,12,9,39,87,9,3,8,79
sun_apweqkrieytgoicf.png,53,0.8490566037735849,0.9245283018867925,0.07547169811320754,49,4,4,49,93,14,3,8,85
sun_apwhjtljvhthspsh.png,47,0.8085106382978723,0.8085106382978723,0.0,38,9,0,47,107,8,6,13,94
sun_apwjzdyxbrwpnwej.png,32,0.59375,0.6875,0.09375,22,10,3,29,124,12,9,8,116
sun_apzbtvmnjxzudvet.png,51,0.7254901960784313,0.8823529411764706,0.1568627450980392,45,6,8,43,111,7,3,23,88
sun_aqbaaqeojrexbmcr.png,37,0.6756756756756757,0.8918918918918919,0.21621621621621623,33,4,8,29,122,13,4,24,98
sun_aqcpqawhbhduevtz.png,45,0.5111111111111111,0.6222222222222222,0.1111111111111111,28,17,5,40,116,3,6,9,107
sun_aqeihowlpdprvqfx.png,54,0.7592592592592593,0.7962962962962963,0.037037037037037035,43,11,2,52,106,9,1,15,91
sun_aqeoapwuldyxondf.png,43,0.7674418604651163,0.8837209302325582,0.11627906976744186,38,5,5,38,95,9,4,15,80
sun_aqesmtrsgiophiuw.png,45,0.6666666666666666,0.7555555555555555,0.08888888888888889,34,11,4,41,114,14,3,7,107
sun_aqetigpralawagfl.png,43,0.6976744186046511,0.7209302325581395,0.023255813953488372,31,12,1,42,98,5,3,8,90
sun_aqezafmogzlbsghg.png,48,0.5833333333333333,0.7291666666666666,0.14583333333333334,35,13,7,41,108,11,6,18,90
sun_aqjarzbazaghifzo.png,35,0.5714285714285714,0.6857142857142857,0.11428571428571428,24,11,4,31,109,11,8,11,98
sun_aqkkusvrsmjlwxwd.png,49,0.8367346938775511,0.9183673469387755,0.08163265306122448,45,4,4,45,94,13,4,4,90
sun_aqkmgatdqbxypggd.png,38,0.47368421052631576,0.8157894736842105,0.34210526315789475,31,7,13,25,85,9,3,17,68
sun_aqkpxwoptmxmgoaw.png,45,0.6222222222222222,0.6666666666666666,0.044444444444444446,30,15,2,43,98,8,2,4,94
sun_aqohrmlykrvpbqcs.png,47,0.7021276595744681,0.7872340425531915,0.0851063829787234,37,10,4,43,116,5,3,18,98
sun_aqorlaxzrqoixeha.png,50,0.6,0.64,0.04,32,18,2,48,110,8,6,7,103
sun_aqpczdppoqjonalb.png,39,0.6153846153846153,0.7948717948717948,0.1794871794871795,31,8,7,32,95,9,2,12,83
sun_aqrabcfiiwurrxir.png,47,0.574468085106383,0.7872340425531915,0.2127659574468085,37,10,10,37,102,13,0,17,85
sun_aqrixbpdrlracxsw.png,44,0.6363636363636364,0.8636363636363636,0.22727272727272727,38,6,10,34,88,7,2,15,73
sun_aqrxlonzxujlwehg.png,45,0.5111111111111111,0.6888888888888889,0.17777777777777778,31,14,8,37,104,7,5,7,97
sun_aqsmsbksghehyjmm.png,44,0.6818181818181819,0.8181818181818182,0.13636363636363635,36,8,6,38,107,11,2,17,90
sun_aqsugbctmlktryvw.png,43,0.5813953488372092,0.7441860465116279,0.16279069767441862,32,11,7,36,112,11,3,7,105
sun_aqsyvbwpnbjiotkt.png,56,0.75,0.875,0.125,49,7,7,49,107,11,1,9,98
sun_aqteuialmidhlvbj.png,47,0.6170212765957447,0.7659574468085106,0.14893617021276595,36,11,7,40,102,11,2,12,90
sun_aquewihcbzrkousv.png,40,0.775,0.875,0.1,35,5,4,36,106,14,3,8,98
sun_aqulzvjtpnwvtyyx.png,49,0.6122448979591837,0.7755102040816326,0.16326530612244897,38,11,8,41,92,13,1,14,78
sun_aqurqnuwzifwbpwa.png,35,0.7142857142857143,0.7428571428571429,0.02857142857142857,26,9,1,34,116,10,6,3,113
sun_aqvtatgzrkinbxqt.png,53,0.490566037735849,0.6792452830188679,0.18867924528301888,36,17,10,43,97,7,3,18,79
sun_aqwcoqdaramvmvnp.png,55,0.6545454545454545,0.9272727272727272,0.2727272727272727,51,4,15,40,98,9,0,18,80
sun_aqzfstcrytxkbfrx.png,39,0.8461538461538461,0.8717948717948718,0.02564102564102564,34,5,1,38,124,15,0,5,119
sun_aqzwapvheiwtspzo.png,40,0.65,0.725,0.075,29,11,3,37,126,9,4,18,108
sun_aqzxwtsrnlsiczsn.png,49,0.5714285714285715,0.6326530612244898,0.061224489795918366,31,18,3,46,111,6,7,7,104
sun_ardyqbhpwglhclqi.png,43,0.7209302325581396,0.8372093023255814,0.11627906976744186,36,7,5,38,85,10,6,8,77
sun_arfdlzsnmglcvikh.png,52,0.6538461538461539,0.7884615384615384,0.1346153846153846,41,11,7,45,94,8,3,12,82
sun_arfghexbhkvkvgxi.png,45,0.6666666666666666,0.7555555555555555,0.08888888888888889,34,11,4,41,87,7,6,3,84
sun_arfsltlmiwgxorwr.png,44,0.5227272727272727,0.8636363636363636,0.3409090909090909,38,6,15,29,112,12,6,30,82
sun_arfztiomfuqttdrt.png,41,0.6585365853658537,0.7317073170731707,0.07317073170731707,30,11,3,38,104,4,6,6,98
sun_arhqovljbvibrmtm.png,53,0.5849056603773585,0.6037735849056604,0.018867924528301886,32,21,1,52,103,5,7,3,100
sun_arhsuyqmegcknown.png,49,0.7346938775510204,0.7959183673469388,0.061224489795918366,39,10,3,46,103,8,7,7,96
sun_aritoauaosustgra.png,49,0.5714285714285714,0.673469387755102,0.10204081632653061,33,16,5,44,115,10,8,15,100
sun_ariuizuixoielxja.png,40,0.85,0.85,0.0,34,6,0,40,96,11,1,6,90
sun_arlgkxkunjheidiw.png,40,0.625,0.725,0.1,29,11,4,36,110,10,7,10,100
sun_armgoigbuhwxwuwr.png,65,0.39999999999999997,0.5384615384615384,0.13846153846153847,35,30,9,56,105,5,9,13,92
sun_aroqrlezamgjfcoi.png,32,0.53125,0.75,0.21875,24,8,7,25,98,11,2,11,87
sun_arpluuazulzhjheu.png,49,0.6734693877551021,0.8163265306122449,0.14285714285714285,40,9,7,42,119,12,4,27,92
sun_arqxmdkaavpzmlsf.png,41,0.7073170731707317,0.7317073170731707,0.024390243902439025,30,11,1,40,103,15,1,6,97
sun_arqzoklemrbeqazb.png,41,0.8780487804878049,0.9512195121951219,0.07317073170731707,39,2,3,38,106,11,5,8,98
sun_artrvxkgrvxsvaqs.png,50,0.72,0.92,0.2,46,4,10,40,116,12,3,19,97
sun_artvacalcbftmpdi.png,49,0.3469387755102041,0.42857142857142855,0.08163265306122448,21,28,4,45,105,11,5,15,90
sun_aruxmlhbieolibhh.png,46,0.782608695652174,0.782608695652174,0.0,36,10,0,46,97,6,7,3,94
sun_arvpublbqjtdrnab.png,44,0.7727272727272727,0.8409090909090909,0.06818181818181818,37,7,3,41,125,14,4,8,117
sun_arvtcfggzrsifiwv.png,45,0.6,0.7777777777777778,0.17777777777777778,35,10,8,37,109,14,6,15,94
sun_arwcwpdohtfcqmca.png,51,0.6862745098039216,0.7450980392156863,0.058823529411764705,38,13,3,48,112,8,8,5,107
sun_arylluczanmwjqaf.png,43,0.5581395348837209,0.6046511627906976,0.046511627906976744,26,17,2,41,121,14,7,20,101
sun_aryoqikeoguqirey.png,51,0.5686274509803921,0.6470588235294118,0.0784313725490196,33,18,4,47,110,3,7,10,100
sun_aryysosahbqjlhyp.png,45,0.5333333333333332,0.7333333333333333,0.2,33,12,9,36,100,7,0,20,80
sun_arzjdlficsywzzxe.png,36,0.611111111111111,0.6944444444444444,0.08333333333333333,25,11,3,33,101,9,2,8,93
sun_asagxsreouakefyc.png,47,0.553191489361702,0.6595744680851063,0.10638297872340426,31,16,5,42,99,8,7,11,88
sun_ascgpmqebjzymcmi.png,56,0.8035714285714285,0.8214285714285714,0.017857142857142856,46,10,1,55,114,13,3,8,106
sun_asdafnvfqdwiwbay.png,55,0.43636363636363634,0.5636363636363636,0.12727272727272726,31,24,7,48,98,5,3,10,88
sun_asdvujhufxfopyff.png,51,0.7450980392156863,0.8823529411764706,0.13725490196078433,45,6,7,44,89,7,3,14,75
sun_asegovooeshozcdh.png,34,0.9411764705882353,0.9411764705882353,0.0,32,2,0,34,97,6,2,7,90
sun_asfmsldgyklakjqm.png,48,0.625,0.6875,0.0625,33,15,3,45,94,7,1,5,89
sun_asftrklxizngxfas.png,42,0.7619047619047619,0.9761904761904762,0.21428571428571427,41,1,9,33,97,7,1,11,86
sun_asghxbvkhnkygpuq.png,40,0.65,0.775,0.125,31,9,5,35,110,7,9,6,104
sun_ashqdybzrscmozvw.png,41,0.5853658536585366,0.6341463414634146,0.04878048780487805,26,15,2,39,103,9,4,12,91
sun_asjhjualiqfjjxlg.png,44,0.6136363636363636,0.7727272727272727,0.1590909090909091,34,10,7,37,97,11,1,12,85
sun_asjtzmwjvhqryqsz.png,42,0.5714285714285714,0.5952380952380952,0.023809523809523808,25,17,1,41,106,10,6,11,95
sun_asjvnrpboodherjd.png,48,0.5625,0.6458333333333334,0.08333333333333333,31,17,4,44,103,7,4,6,97
sun_askwjtamytupzwah.png,39,0.6923076923076923,0.7692307692307693,0.07692307692307693,30,9,3,36,108,13,3,3,105
sun_aslmehlkpcjhwjmc.png,37,0.7027027027027027,0.7027027027027027,0.0,26,11,0,37,86,13,2,5,81
sun_asosyabeygjnhtxh.png,44,0.6818181818181819,0.7272727272727273,0.045454545454545456,32,12,2,42,97,7,4,8,89
sun_asoszlnqrbrczqdj.png,38,0.6842105263157895,0.8947368421052632,0.21052631578947367,34,4,8,30,114,11,3,12,102
sun_asotshujnoeinbbs.png,50,0.74,0.86,0.12,43,7,6,44,94,11,4,12,82
sun_aspmucrzgpodkddo.png,39,0.6923076923076923,0.7692307692307693,0.07692307692307693,30,9,3,36,84,10,4,13,71
sun_aspzyosxtdhkzahk.png,52,0.6346153846153846,0.8269230769230769,0.19230769230769232,43,9,10,42,81,5,5,12,69
sun_asqdmjznrgeuozvr.png,43,0.7441860465116279,0.8372093023255814,0.09302325581395349,36,7,4,39,128,8,2,10,118
sun_asqyphqglsneluuc.png,37,0.7567567567567568,0.8378378378378378,0.08108108108108109,31,6,3,34,79,7,0,13,66
sun_asrifeqqlgmmfnbf.png,41,0.5121951219512195,0.7073170731707317,0.1951219512195122,29,12,8,33,87,8,2,26,61
sun_astgmykhueefpevo.png,61,0.7377049180327868,0.7868852459016393,0.04918032786885246,48,13,3,58,108,9,4,8,100
sun_astwltadxgzlydcb.png,52,0.6153846153846154,0.7115384615384616,0.09615384615384616,37,15,5,47,109,9,5,10,99
sun_asucsgijickcsuyh.png,54,0.42592592592592593,0.5925925925925926,0.16666666666666666,32,22,9,45,98,8,3,12,86
sun_asuoinkrgxvegbah.png,41,0.6829268292682926,0.8536585365853658,0.17073170731707318,35,6,7,34,95,12,1,8,87
sun_asviztlddaycedac.png,47,0.6595744680851063,0.7659574468085106,0.10638297872340426,36,11,5,42,88,9,2,8,80
sun_aswykbxmrypzjuhi.png,52,0.7307692307692307,0.7884615384615384,0.057692307692307696,41,11,3,49,99,9,3,13,86
sun_asycbfpwknyndhqc.png,54,0.6296296296296295,0.7407407407407407,0.1111111111111111,40,14,6,48,94,13,2,9,85
sun_asygldcgyclnvvlw.png,54,0.6666666666666667,0.7037037037037037,0.037037037037037035,38,16,2,52,92,5,3,3,89
sun_asyixwjjhxaoyxkd.png,48,0.75,0.8541666666666666,0.10416666666666667,41,7,5,43,96,10,2,17,79
sun_asystlqtipunmrvq.png,40,0.5,0.725,0.225,29,11,9,31,110,12,5,16,94
sun_aszvpysjmexcdbpp.png,43,0.8604651162790697,0.8604651162790697,0.0,37,6,0,43,105,10,3,6,99
sun_atapdidnxczyweoj.png,42,0.5476190476190476,0.5714285714285714,0.023809523809523808,24,18,1,41,106,5,3,7,99
sun_atcrgjmyuguyhkce.png,53,0.5849056603773585,0.660377358490566,0.07547169811320754,35,18,4,49,99,6,6,15,84
sun_atdaqomfljzquqcg.png,45,0.8222222222222222,0.9111111111111111,0.08888888888888889,41,4,4,41,102,8,3,9,93
sun_atgeochjdywgqxyf.png,44,0.5454545454545454,0.7954545454545454,0.25,35,9,11,33,114,12,2,23,91
sun_atgftsajuwjzuztj.png,31,0.5161290322580645,0.6129032258064516,0.0967741935483871,19,12,3,28,104,7,5,8,96
sun_aticvjcuwokplfte.png,53,0.6981132075471699,0.8301886792452831,0.1320754716981132,44,9,7,46,110,11,4,10,100
sun_atjhxoliruxsdbpq.png,38,0.6578947368421053,0.8157894736842105,0.15789473684210525,31,7,6,32,97,8,2,8,89
sun_atkirihlypsigxop.png,52,0.7307692307692308,0.7692307692307693,0.038461538461538464,40,12,2,50,88,5,5,1,87
sun_atkzuhaxqlacvmsv.png,48,0.7291666666666666,0.7916666666666666,0.0625,38,10,3,45,119,8,3,15,104
sun_atlkspittmykamrv.png,36,0.6111111111111112,0.75,0.1388888888888889,27,9,5,31,96,9,4,12,84
sun_atlolpsghvngqjst.png,48,0.75,0.9166666666666666,0.16666666666666666,44,4,8,40,81,7,2,10,71
sun_atmofraxvfuortqr.png,42,0.738095238095238,0.8571428571428571,0.11904761904761904,36,6,5,37,94,5,0,5,89
sun_atmxdkrnymjzbcnj.png,32,0.5,0.625,0.125,20,12,4,28,107,5,9,12,95
sun_atnfukcihjutwbhn.png,47,0.7659574468085106,0.8085106382978723,0.0425531914893617,38,9,2,45,99,10,1,10,89
sun_atnqwowhlotuclpp.png,38,0.7894736842105263,0.8947368421052632,0.10526315789473684,34,4,4,34,79,7,0,5,74
sun_atpbyislwizsnszk.png,38,0.631578947368421,0.8421052631578947,0.21052631578947367,32,6,8,30,113,8,3,20,93
sun_atqcpxguurfkuhnq.png,46,0.782608695652174,0.8260869565217391,0.043478260869565216,38,8,2,44,92,10,4,2,90
sun_atqutzzjditgyzxl.png,42,0.7619047619047619,0.8095238095238095,0.047619047619047616,34,8,2,40,99,9,3,9,90
sun_attdviyipsljunts.png,49,0.5306122448979591,0.8979591836734694,0.3673469387755102,44,5,18,31,90,6,1,26,64
sun_attztnajcmneevzb.png,53,0.679245283018868,0.7547169811320755,0.07547169811320754,40,13,4,49,86,8,7,8,78
sun_atugmikryhdkwajt.png,43,0.627906976744186,0.6976744186046512,0.06976744186046512,30,13,3,40,106,5,0,4,102
sun_atuvmptukfwuhcaf.png,38,0.736842105263158,0.7631578947368421,0.02631578947368421,29,9,1,37,99,4,1,5,94
sun_atxmhocsnfhaqrgq.png,42,0.6190476190476191,0.7380952380952381,0.11904761904761904,31,11,5,37,112,9,4,11,101
sun_atxwziosjjcednod.png,42,0.6904761904761905,0.8571428571428571,0.16666666666666666,36,6,7,35,95,6,4,9,86
sun_atypssaymyjhxkpk.png,37,0.5135135135135135,0.7297297297297297,0.21621621621621623,27,10,8,29,99,6,4,24,75
sun_atyvqgdpzkavayte.png,35,0.7428571428571428,0.8571428571428571,0.11428571428571428,30,5,4,31,101,14,4,11,90
sun_auaspqtzbulixqaw.png,48,0.8125,0.9166666666666666,0.10416666666666667,44,4,5,43,114,10,4,15,99
sun_aubtzwwmrqgapedl.png,45,0.5333333333333333,0.5777777777777777,0.044444444444444446,26,19,2,43,104,4,13,6,98
sun_aubxvxsbzngngkzp.png,40,0.65,0.8,0.15,32,8,6,34,93,7,3,8,85
sun_aucfgnifiwnlrtsa.png,46,0.717391304347826,0.8260869565217391,0.10869565217391304,38,8,5,41,113,10,4,13,100
sun_aucmdjfiwkckoblr.png,45,0.6000000000000001,0.7111111111111111,0.1111111111111111,32,13,5,40,85,8,3,7,78
sun_aucwamlslizinasd.png,52,0.7692307692307693,0.8653846153846154,0.09615384615384616,45,7,5,47,103,14,1,12,91
sun_aueyzlbrocczurev.png,25,0.44000000000000006,0.68,0.24,17,8,6,19,98,14,5,18,80
sun_auffnkuldecxygkd.png,44,0.5909090909090909,0.6363636363636364,0.045454545454545456,28,16,2,42,105,10,4,10,95
sun_aufuzsbvexqalzhb.png,51,0.6078431372549019,0.7254901960784313,0.11764705882352941,37,14,6,45,93,6,2,12,81
sun_aulnzckztegbujqb.png,45,0.48888888888888893,0.7777777777777778,0.28888888888888886,35,10,13,32,107,8,0,25,82
sun_auohbieuizsluxpj.png,37,0.7027027027027026,0.7297297297297297,0.02702702702702703,27,10,1,36,96,10,5,9,87
sun_auotjecsnkqcjofz.png,41,0.6097560975609756,0.7317073170731707,0.12195121951219512,30,11,5,36,100,10,1,8,92
sun_aurhnrmiocivbljl.png,47,0.702127659574468,0.8085106382978723,0.10638297872340426,38,9,5,42,100,14,2,11,89
sun_ausqyahjtatjoasv.png,44,0.6136363636363636,0.8636363636363636,0.25,38,6,11,33,127,8,3,26,101
sun_ausuzueppuisfqda.png,41,0.7317073170731707,0.7560975609756098,0.024390243902439025,31,10,1,40,98,10,4,12,86
sun_autalkozwzfsuuqt.png,57,0.8070175438596492,0.8947368421052632,0.08771929824561403,51,6,5,52,94,14,2,12,82
sun_auubgudelgjrhpoh.png,43,0.7674418604651163,0.813953488372093,0.046511627906976744,35,8,2,41,103,7,0,5,98
sun_auubpayscjcxyypt.png,48,0.8333333333333333,0.9166666666666666,0.08333333333333333,44,4,4,44,109,9,1,14,95
sun_auuqfgwjayuyytxw.png,46,0.8043478260869564,0.9130434782608695,0.10869565217391304,42,4,5,41,111,10,3,14,97
sun_auvnnqefobhtrhyj.png,34,0.3823529411764706,0.5882352941176471,0.20588235294117646,20,14,7,27,119,13,5,14,105
sun_auwrraazjwdcjcjg.png,46,0.6086956521739131,0.6739130434782609,0.06521739130434782,31,15,3,43,99,2,4,10,89
sun_auwwnyzuzeewivmz.png,52,0.6923076923076923,0.7115384615384616,0.019230769230769232,37,15,1,51,80,5,4,4,76
sun_auxtjmopnddrivou.png,35,0.6285714285714286,0.8571428571428571,0.22857142857142856,30,5,8,27,123,12,5,22,101
sun_avachejdscjkngdn.png,43,0.627906976744186,0.6744186046511628,0.046511627906976744,29,14,2,41,116,11,5,4,112
sun_avbzvunekksfggon.png,47,0.851063829787234,0.8723404255319149,0.02127659574468085,41,6,1,46,100,7,1,2,98
sun_avdopgvwdhrurjcy.png,39,0.7692307692307692,0.8461538461538461,0.07692307692307693,33,6,3,36,100,10,1,7,93
sun_avdsyxmltrmvdowh.png,41,0.7804878048780487,0.8292682926829268,0.04878048780487805,34,7,2,39,111,6,0,18,93
sun_avdworktnhijejlc.png,52,0.6153846153846154,0.7115384615384616,0.09615384615384616,37,15,5,47,99,10,1,12,87
sun_avdypgsnqqsbukex.png,33,0.7575757575757576,0.8484848484848485,0.09090909090909091,28,5,3,30,102,5,1,5,97
sun_avedshsrvftfcvmr.png,62,0.7096774193548387,0.8225806451612904,0.11290322580645161,51,11,7,55,112,10,3,20,92
sun_avegegbnbyhsjhmd.png,40,0.875,0.925,0.05,37,3,2,38,90,10,1,12,78
sun_avinhlnmelujhfux.png,45,0.5777777777777777,0.7777777777777778,0.2,35,10,9,36,107,9,3,21,86
sun_avizukluogzorelh.png,44,0.75,0.7954545454545454,0.045454545454545456,35,9,2,42,101,9,0,9,92
sun_avjbuxbxsfivrlzy.png,31,0.7419354838709677,0.7419354838709677,0.0,23,8,0,31,92,11,1,4,88
sun_avjinmigrowfehnh.png,44,0.5681818181818182,0.7045454545454546,0.13636363636363635,31,13,6,38,92,2,3,18,74
sun_avkycnojfyfqmczx.png,56,0.8392857142857142,0.8571428571428571,0.017857142857142856,48,8,1,55,107,8,6,12,95
sun_avnxhhsfmpbdaopj.png,50,0.48,0.62,0.14,31,19,7,43,101,6,9,10,91
sun_avokinkqypqifwug.png,57,0.7017543859649122,0.7192982456140351,0.017543859649122806,41,16,1,56,110,8,4,5,105
sun_avuruaipomevzxko.png,47,0.5106382978723405,0.8723404255319149,0.3617021276595745,41,6,17,30,97,11,2,24,73
sun_avvtzgvjewywlmdd.png,54,0.7777777777777777,0.8148148148148148,0.037037037037037035,44,10,2,52,93,9,3,7,86
sun_avynalngsqjqdoxi.png,42,0.8095238095238095,0.8809523809523809,0.07142857142857142,37,5,3,39,113,16,5,15,98
sun_avzseplowerqbeex.png,44,0.7954545454545454,0.8863636363636364,0.09090909090909091,39,5,4,40,118,8,1,16,102
sun_awamitppgvaotmty.png,45,0.6444444444444444,0.7555555555555555,0.1111111111111111,34,11,5,40,104,10,4,3,101
sun_awbvezjmacwtllmn.png,50,0.7,0.74,0.04,37,13,2,48,106,11,8,7,99
sun_awdbvxtuukoapvxt.png,39,0.5384615384615384,0.717948717948718,0.1794871794871795,28,11,7,32,81,7,5,15,66
sun_awexdmftowfrehsx.png,38,0.5263157894736842,0.631578947368421,0.10526315789473684,24,14,4,34,89,7,4,9,80
sun_awgdaeuzimwxnitg.png,39,0.641025641025641,0.6923076923076923,0.05128205128205128,27,12,2,37,101,9,2,13,88
sun_awgmodgipvlaerrd.png,34,0.7352941176470588,0.7941176470588235,0.058823529411764705,27,7,2,32,103,8,5,9,94
sun_awgmopzafvqnbeqm.png,46,0.5869565217391304,0.6739130434782609,0.08695652173913043,31,15,4,42,102,4,2,7,95
sun_awgskwyljozdrlct.png,39,0.8205128205128205,0.8461538461538461,0.02564102564102564,33,6,1,38,102,9,5,2,100
sun_awhauhtowsrzhweh.png,32,0.59375,0.59375,0.0,19,13,0,32,110,14,4,9,101
sun_awhnjywklfthfwmk.png,40,0.7000000000000001,0.775,0.075,31,9,3,37,99,5,4,6,93
sun_awiedvycwnyykijc.png,41,0.7317073170731707,0.8780487804878049,0.14634146341463414,36,5,6,35,98,11,0,4,94
sun_awkhwzafhbdrlgkt.png,53,0.5283018867924528,0.5849056603773585,0.05660377358490566,31,22,3,50,94,4,2,7,87
sun_awklebuumwqeadit.png,52,0.5961538461538461,0.75,0.15384615384615385,39,13,8,44,92,6,4,13,79
sun_awlscsrcowjpacpn.png,32,0.90625,0.9375,0.03125,30,2,1,31,120,16,1,10,110
sun_awmdmhfqjhaiapjc.png,38,0.6052631578947368,0.631578947368421,0.02631578947368421,24,14,1,37,118,13,6,5,113
sun_awnrimhwfrncspga.png,53,0.7169811320754718,0.9056603773584906,0.18867924528301888,48,5,10,43,88,17,1,21,67
sun_awoafxpkvztomgwt.png,47,0.5319148936170213,0.6382978723404256,0.10638297872340426,30,17,5,42,103,3,4,6,97
sun_awrmjcdjgxbrmgaq.png,50,0.7000000000000001,0.8,0.1,40,10,5,45,124,7,7,17,107
sun_awtjgfhdfzpkwwha.png,50,0.72,0.74,0.02,37,13,1,49,122,14,6,6,116
sun_awufkrkrdrdbvvis.png,50,0.7,0.84,0.14,42,8,7,43,111,5,2,14,97
sun_awumymhzfvuvgohd.png,39,0.8717948717948718,0.8974358974358975,0.02564102564102564,35,4,1,38,102,11,6,12,90
sun_awveoicsojsrziij.png,39,0.5641025641025641,0.7435897435897436,0.1794871794871795,29,10,7,32,102,9,5,14,88
sun_awvrogxymlfvgbka.png,45,0.6666666666666667,0.9555555555555556,0.28888888888888886,43,2,13,32,98,11,1,28,70
sun_awwnbkjycouocmzd.png,55,0.5818181818181818,0.7818181818181819,0.2,43,12,11,44,86,9,5,14,72
sun_awxenleecdentwtg.png,47,0.7021276595744681,0.7659574468085106,0.06382978723404255,36,11,3,44,104,6,2,11,93
sun_awxijiwvlandzcmr.png,43,0.5116279069767442,0.627906976744186,0.11627906976744186,27,16,5,38,98,12,1,12,86
sun_awxqholhemggfdnv.png,54,0.5185185185185186,0.6296296296296297,0.1111111111111111,34,20,6,48,108,10,10,3,105
sun_awxstfbbxwgqzijp.png,37,0.5405405405405406,0.5945945945945946,0.05405405405405406,22,15,2,35,132,19,6,5,127
sun_awycwytxvkewhczo.png,48,0.7916666666666667,0.8958333333333334,0.10416666666666667,43,5,5,43,128,11,0,15,113
sun_awyjssnluvfxtfwf.png,45,0.8888888888888888,0.9111111111111111,0.022222222222222223,41,4,1,44,104,8,2,2,102
sun_awykxytxhsnrgjmm.png,51,0.5294117647058822,0.6666666666666666,0.13725490196078433,34,17,7,44,108,9,2,15,93
sun_awzjlghepeldohpz.png,34,0.7941176470588235,0.8235294117647058,0.029411764705882353,28,6,1,33,99,10,3,14,85
sun_axarcshsnqsefemx.png,34,0.7352941176470588,0.9117647058823529,0.17647058823529413,31,3,6,28,102,14,2,18,84
sun_axcbhkbnagrqigzm.png,41,0.6097560975609756,0.8292682926829268,0.21951219512195122,34,7,9,32,101,10,3,19,82
sun_axdnhlnrnnncenuw.png,56,0.75,0.875,0.125,49,7,7,49,97,12,4,16,81
sun_axecntygrkzmnrbj.png,47,0.6170212765957447,0.6595744680851063,0.0425531914893617,31,16,2,45,88,3,6,4,84
sun_axfpcmfvqnjphcss.png,39,0.6666666666666666,0.7948717948717948,0.1282051282051282,31,8,5,34,120,19,3,13,107
sun_axiigzkvpcunbcmv.png,41,0.5121951219512195,0.8536585365853658,0.34146341463414637,35,6,14,27,98,11,1,25,73
sun_axiodxlcauklnxet.png,40,0.825,0.875,0.05,35,5,2,38,91,10,5,6,85
sun_axixcgsxgljfbbzo.png,41,0.8048780487804877,0.8536585365853658,0.04878048780487805,35,6,2,39,105,12,6,8,97
sun_axiyuzersxpkcugp.png,46,0.6521739130434783,0.782608695652174,0.13043478260869565,36,10,6,40,96,7,4,17,79
sun_axjfbbzsphthehyf.png,42,0.5714285714285714,0.7857142857142857,0.21428571428571427,33,9,9,33,99,9,2,19,80
sun_axkgczjzrllavobx.png,39,0.3846153846153847,0.8974358974358975,0.5128205128205128,35,4,20,19,106,20,2,33,73
sun_axkrfugcffmazfic.png,47,0.723404255319149,0.851063829787234,0.1276595744680851,40,7,6,41,96,12,1,18,78
sun_axljaxganxwfqoru.png,37,0.5675675675675675,0.5945945945945946,0.02702702702702703,22,15,1,36,95,5,9,11,84
sun_axofqexdcxqlsnpq.png,47,0.574468085106383,0.7659574468085106,0.19148936170212766,36,11,9,38,90,6,1,6,84
sun_axpgcjreuqujllvl.png,37,0.7297297297297298,0.7567567567567568,0.02702702702702703,28,9,1,36,108,14,2,2,106
sun_axpmegiepvvkcnly.png,35,0.7428571428571429,0.8,0.05714285714285714,28,7,2,33,92,8,3,10,82
sun_axpnddelsrwvoqcn.png,57,0.7192982456140351,0.7368421052631579,0.017543859649122806,42,15,1,56,109,11,3,9,100
sun_axpveqtdzyhpqyev.png,40,0.5499999999999999,0.6,0.05,24,16,2,38,99,9,5,17,82
sun_axsnrmeoojcyvtfv.png,43,0.8604651162790697,0.9069767441860465,0.046511627906976744,39,4,2,41,89,8,2,9,80
sun_axueibjqhjhofylo.png,41,0.6097560975609756,0.7073170731707317,0.0975609756097561,29,12,4,37,92,10,4,6,86
sun_axuibhhnhdgaaobz.png,58,0.5344827586206897,0.6379310344827587,0.10344827586206896,37,21,6,52,95,7,6,13,82
sun_axwcyaktpqwnmtup.png,41,0.5853658536585366,0.7317073170731707,0.14634146341463414,30,11,6,35,118,13,3,15,103
sun_axxhjvrtltsetiek.png,48,0.6875,0.875,0.1875,42,6,9,39,102,11,5,21,81
sun_axxsrlgzileujamu.png,45,0.6222222222222222,0.7111111111111111,0.08888888888888889,32,13,4,41,112,10,2,14,98
sun_axyrejkiiaqiurjk.png,44,0.6136363636363635,0.6818181818181818,0.06818181818181818,30,14,3,41,86,8,2,2,84
sun_axyyrmzcupyhlivc.png,35,0.7142857142857142,0.8571428571428571,0.14285714285714285,30,5,5,30,96,10,3,9,87
sun_axzbjpurqckbztvb.png,45,0.7555555555555555,0.8222222222222222,0.06666666666666667,37,8,3,42,82,10,3,3,79
sun_axzvrleiewzlqgcn.png,51,0.803921568627451,0.8627450980392157,0.058823529411764705,44,7,3,48,96,12,4,7,89
sun_axzwuynxcxhtjupy.png,40,0.65,0.75,0.1,30,10,4,36,91,5,4,10,81
sun_ayawzjmecovufltt.png,42,0.7142857142857142,0.8571428571428571,0.14285714285714285,36,6,6,36,101,13,3,6,95
sun_aybwurcxrgenfupp.png,49,0.7142857142857143,0.7346938775510204,0.02040816326530612,36,13,1,48,117,8,2,10,107
sun_aycqiqrqpigkkwch.png,53,0.7547169811320755,0.8490566037735849,0.09433962264150944,45,8,5,48,98,11,6,1,97
sun_ayeahxeinjtzanur.png,37,0.5405405405405406,0.7297297297297297,0.1891891891891892,27,10,7,30,99,8,5,9,90
sun_ayecsidneqlekrsx.png,39,0.6923076923076923,0.717948717948718,0.02564102564102564,28,11,1,38,118,5,4,6,112
sun_ayfrunmpvpdjoulz.png,43,0.6046511627906976,0.6744186046511628,0.06976744186046512,29,14,3,40,110,10,3,3,107
sun_ayhkvrhsgkijupnw.png,42,0.6428571428571428,0.6666666666666666,0.023809523809523808,28,14,1,41,104,7,4,5,99
sun_ayistaubigrrjklt.png,34,0.7647058823529411,0.8823529411764706,0.11764705882352941,30,4,4,30,117,11,6,29,88
sun_ayixugdbacarkopm.png,55,0.709090909090909,0.8727272727272727,0.16363636363636364,48,7,9,46,108,9,6,15,93
sun_ayjbewhhjzxrnqof.png,59,0.47457627118644075,0.5254237288135594,0.05084745762711865,31,28,3,56,94,10,7,7,87
sun_ayjczgbclpelowgj.png,35,0.7142857142857142,0.8571428571428571,0.14285714285714285,30,5,5,30,100,7,3,19,81
sun_aykzcanmbpokcood.png,58,0.7413793103448276,0.7758620689655172,0.034482758620689655,45,13,2,56,110,9,7,5,105
sun_aylshdnughbogvpg.png,46,0.5869565217391304,0.6739130434782609,0.08695652173913043,31,15,4,42,105,11,1,21,84
sun_ayovuzbxjucqhbao.png,43,0.4651162790697674,0.7906976744186046,0.32558139534883723,34,9,14,29,98,7,5,34,64
sun_ayqlwtvvlgkwmpvj.png,49,0.5510204081632654,0.7142857142857143,0.16326530612244897,35,14,8,41,80,6,2,8,72
sun_ayqmoohbwshzgorj.png,35,0.5714285714285714,0.7714285714285715,0.2,27,8,7,28,91,13,2,14,77
sun_ayspamgqhvpuhhta.png,45,0.6666666666666666,0.8888888888888888,0.2222222222222222,40,5,10,35,102,13,4,18,84
sun_ayssmvnrwfowflaz.png,54,0.8518518518518519,0.9444444444444444,0.09259259259259259,51,3,5,49,107,17,0,19,88
sun_aysteoooadrvljyo.png,38,0.6842105263157895,0.7631578947368421,0.07894736842105263,29,9,3,35,95,9,3,4,91
sun_aytnkuigtfedfuxo.png,36,0.8055555555555555,0.8888888888888888,0.08333333333333333,32,4,3,33,104,5,2,12,92
sun_ayuawxtxqbrlpmuz.png,33,0.6060606060606061,0.6363636363636364,0.030303030303030304,21,12,1,32,96,10,3,8,88
sun_ayvlfucdqzqjrmhy.png,51,0.5490196078431373,0.7058823529411765,0.1568627450980392,36,15,8,43,106,13,4,16,90
sun_aywwkjlsyepcqgse.png,48,0.7291666666666666,0.9166666666666666,0.1875,44,4,9,39,115,9,3,16,99
sun_ayxztmagpqwgnuql.png,51,0.7450980392156863,0.8431372549019608,0.09803921568627451,43,8,5,46,92,14,2,13,79
sun_azavzehokhflwslp.png,39,0.5641025641025641,0.7692307692307693,0.20512820512820512,30,9,8,31,103,7,2,21,82
sun_azbgaopspoglnwzj.png,35,0.5142857142857142,0.6285714285714286,0.11428571428571428,22,13,4,31,96,8,3,15,81
sun_azbuzftxkdpmdyzm.png,37,0.7027027027027027,0.7027027027027027,0.0,26,11,0,37,98,6,4,2,96
sun_azcrthaogmgkrznp.png,46,0.891304347826087,0.9347826086956522,0.043478260869565216,43,3,2,44,99,14,2,7,92
sun_azdnskgxzhborziq.png,52,0.5384615384615384,0.5769230769230769,0.038461538461538464,30,22,2,50,109,10,7,4,105
sun_azdvlbhwwjpqwspv.png,54,0.6666666666666667,0.7592592592592593,0.09259259259259259,41,13,5,49,88,8,2,11,77
sun_azgozflyqhczhdju.png,39,0.8717948717948718,0.8717948717948718,0.0,34,5,0,39,101,8,5,6,95
sun_azigtauwsvkmgyrt.png,47,0.6808510638297872,0.7659574468085106,0.0851063829787234,36,11,4,43,76,4,5,7,69
sun_azjljcrmqlmawtbm.png,48,0.75,0.875,0.125,42,6,6,42,91,9,2,8,83
sun_azjsudewsgmqnhkf.png,40,0.8500000000000001,0.925,0.075,37,3,3,37,93,9,3,11,82
sun_azluyvkfffjfzvgx.png,52,0.7692307692307693,0.7692307692307693,0.0,40,12,0,52,92,10,2,7,85
sun_azlzcnatveaokirr.png,55,0.6727272727272727,0.7818181818181819,0.10909090909090909,43,12,6,49,93,12,5,3,90
sun_azlzkzhjfgyveovh.png,48,0.8958333333333333,0.9166666666666666,0.020833333333333332,44,4,1,47,94,9,5,4,90
sun_azmhboomhdmwrpsp.png,53,0.7169811320754718,0.7924528301886793,0.07547169811320754,42,11,4,49,111,16,6,4,107
sun_azmlmjaruxcceqya.png,58,0.5172413793103448,0.603448275862069,0.08620689655172414,35,23,5,53,103,7,4,5,98
sun_azmstoyzslgczgvt.png,46,0.7391304347826088,0.782608695652174,0.043478260869565216,36,10,2,44,97,11,3,4,93
sun_aznfgkdyhcasqufx.png,54,0.6851851851851852,0.7777777777777778,0.09259259259259259,42,12,5,49,106,4,3,10,96
sun_azqeijruetwsfifb.png,53,0.679245283018868,0.7924528301886793,0.11320754716981132,42,11,6,47,117,8,2,17,100
sun_azqgpsztungqeboq.png,40,0.525,0.65,0.125,26,14,5,35,92,11,8,11,81
sun_azrngzjhjsvqogux.png,42,0.6190476190476191,0.6666666666666666,0.047619047619047616,28,14,2,40,102,6,2,4,98
sun_aztbwfaaxqpfjxtj.png,48,0.7291666666666666,0.9375,0.20833333333333334,45,3,10,38,100,12,3,19,81
sun_azvkkjwzzrswqebz.png,56,0.6964285714285715,0.8035714285714286,0.10714285714285714,45,11,6,50,80,4,2,12,68
sun_azwcmjdicwzlwjsf.png,46,0.8478260869565217,0.8478260869565217,0.0,39,7,0,46,104,10,6,6,98
sun_azxfkkgzwnduoqka.png,49,0.8163265306122449,0.8775510204081632,0.061224489795918366,43,6,3,46,111,8,2,6,105
sun_azzjrimwnymwryjx.png,55,0.8181818181818181,0.8909090909090909,0.07272727272727272,49,6,4,51,103,16,2,7,96
sun_azzvbegxtfxrnaqh.png,34,0.8235294117647058,0.8823529411764706,0.058823529411764705,30,4,2,32,107,16,0,12,95
sun_baaadaxlitpqvquj.png,48,0.47916666666666663,0.6041666666666666,0.125,29,19,6,42,103,5,10,6,97
sun_baaengmwoneteegf.png,44,0.4090909090909091,0.7045454545454546,0.29545454545454547,31,13,13,31,103,10,3,31,72
sun_babdnrtjzbpvdbli.png,41,0.5853658536585366,0.7317073170731707,0.14634146341463414,30,11,6,35,98,6,4,19,79
sun_bablgmxrsmliouss.png,48,0.6875,0.7708333333333334,0.08333333333333333,37,11,4,44,105,8,5,4,101
sun_babqyxhpmoldhilm.png,49,0.8571428571428571,0.8979591836734694,0.04081632653061224,44,5,2,47,97,8,4,10,87
sun_bacpdgaoerutfwai.png,41,0.6829268292682926,0.8536585365853658,0.17073170731707318,35,6,7,34,107,8,2,9,98
sun_badugmrvawowxzfy.png,46,0.8478260869565217,0.9347826086956522,0.08695652173913043,43,3,4,42,115,10,0,16,99
sun_baelzjmivqxnnind.png,51,0.803921568627451,0.8627450980392157,0.058823529411764705,44,7,3,48,110,5,3,10,100
sun_bafboxbypavruipu.png,55,0.49090909090909085,0.5454545454545454,0.05454545454545454,30,25,3,52,104,9,6,12,92
sun_bafwlwdmehuwqfvr.png,38,0.736842105263158,0.868421052631579,0.13157894736842105,33,5,5,33,82,6,3,5,77
sun_bahrcjpdogosxokk.png,42,0.6428571428571428,0.9047619047619048,0.2619047619047619,38,4,11,31,97,12,2,15,82
sun_baisnwytcqcpgavt.png,48,0.6875,0.8333333333333334,0.14583333333333334,40,8,7,41,119,19,5,11,108
sun_bajturvqnlhysneq.png,46,0.7608695652173912,0.9130434782608695,0.15217391304347827,42,4,7,39,93,13,0,16,77
sun_bakkjircrhqwtrks.png,31,0.6129032258064516,0.7741935483870968,0.16129032258064516,24,7,5,26,111,13,6,18,93
sun_baklbtersirgieki.png,46,0.7173913043478262,0.782608695652174,0.06521739130434782,36,10,3,43,111,11,4,12,99
sun_baktymlnkhzntadt.png,62,0.532258064516129,0.6612903225806451,0.12903225806451613,41,21,8,54,94,3,3,15,79
sun_bakzkyvdxsgijlgm.png,52,0.923076923076923,0.9423076923076923,0.019230769230769232,49,3,1,51,114,10,3,5,109
sun_bamqqnkootdrwhtm.png,53,0.7924528301886793,0.8301886792452831,0.03773584905660377,44,9,2,51,88,11,3,7,81
sun_banljcigbjcnrhwf.png,31,0.4838709677419355,0.6451612903225806,0.16129032258064516,20,11,5,26,106,5,3,7,99
sun_baptzvwxhkpzqtua.png,51,0.6862745098039216,0.8431372549019608,0.1568627450980392,43,8,8,43,89,8,4,9,80
sun_bashbnpnxflmstxu.png,43,0.627906976744186,0.6511627906976745,0.023255813953488372,28,15,1,42,112,10,6,7,105
sun_baskfjhrbrcbjvrm.png,34,0.5294117647058824,0.7058823529411765,0.17647058823529413,24,10,6,28,97,6,5,13,84
sun_baslxatlagtzcmtl.png,46,0.6739130434782609,0.8478260869565217,0.17391304347826086,39,7,8,38,106,10,3,14,92
sun_basrkemwvzeyolvk.png,42,0.7142857142857143,0.8333333333333334,0.11904761904761904,35,7,5,37,103,10,6,13,90
sun_baubhfrhpngqypqr.png,55,0.7636363636363637,0.8,0.03636363636363636,44,11,2,53,100,8,4,3,97
sun_bawbdnpssirlklqm.png,43,0.7441860465116279,0.7674418604651163,0.023255813953488372,33,10,1,42,91,5,2,5,86
sun_bawcydadrjrkzrtr.png,45,0.6666666666666666,0.6888888888888889,0.022222222222222223,31,14,1,44,98,6,5,5,93
sun_baxfjkdosftycscz.png,39,0.6666666666666666,0.6923076923076923,0.02564102564102564,27,12,1,38,89,5,4,8,81
sun_baxjybmppblnfxwb.png,43,0.6744186046511628,0.7906976744186046,0.11627906976744186,34,9,5,38,83,8,0,10,73
sun_baxunybtfeqxtxbr.png,47,0.7234042553191489,0.8085106382978723,0.0851063829787234,38,9,4,43,105,7,7,7,98
sun_bbafpemgnyanelwa.png,50,0.6,0.64,0.04,32,18,2,48,92,7,1,2,90
sun_bbbeoebtsvzdoutd.png,45,0.6888888888888889,0.7555555555555555,0.06666666666666667,34,11,3,42,107,11,3,13,94
sun_bbcizqthnavgqqet.png,43,0.4418604651162791,0.7441860465116279,0.3023255813953488,32,11,13,30,90,8,5,10,80
sun_bbdshuytuykokcnu.png,38,0.5,0.5526315789473685,0.05263157894736842,21,17,2,36,107,5,6,23,84
sun_bbdxropbksjnmxat.png,41,0.7560975609756098,0.8536585365853658,0.0975609756097561,35,6,4,37,95,11,0,12,83
sun_bbfqkxxrktfasptr.png,37,0.6756756756756757,0.8108108108108109,0.13513513513513514,30,7,5,32,99,7,1,12,87
sun_bbidpqefmsokhoez.png,44,0.6590909090909091,0.7727272727272727,0.11363636363636363,34,10,5,39,121,8,13,7,114
sun_bbisansxxigfjebn.png,53,0.7358490566037736,0.8490566037735849,0.11320754716981132,45,8,6,47,121,19,4,18,103
sun_bbiuiqygsbxmtvfb.png,42,0.6428571428571428,0.7857142857142857,0.14285714285714285,33,9,6,36,114,8,5,7,107
sun_bbkrinncmvljylmc.png,46,0.6086956521739131,0.7608695652173914,0.15217391304347827,35,11,7,39,94,9,2,20,74
sun_bblfnpicekdknpfd.png,37,0.7297297297297297,0.7837837837837838,0.05405405405405406,29,8,2,35,110,13,7,5,105
sun_bblmhhwgomincsmt.png,39,0.6666666666666666,0.8461538461538461,0.1794871794871795,33,6,7,32,101,5,5,12,89
sun_bbmfdpqkrxfwzvaq.png,46,0.717391304347826,0.8478260869565217,0.13043478260869565,39,7,6,40,94,6,4,10,84
sun_bbnwdxrsxgvgzkvu.png,34,0.7647058823529411,0.8823529411764706,0.11764705882352941,30,4,4,30,94,8,1,8,86
sun_bbpsbsljrcmfvigt.png,39,0.7948717948717949,0.8974358974358975,0.10256410256410256,35,4,4,35,95,8,2,18,77
sun_bbqlzqeivhkkapne.png,67,0.5970149253731343,0.6865671641791045,0.08955223880597014,46,21,6,61,86,7,8,14,72
sun_bbqxvjeothvtlnez.png,42,0.8095238095238095,0.8809523809523809,0.07142857142857142,37,5,3,39,105,7,2,11,94
sun_bbrwcqjalnwlquqn.png,39,0.6153846153846154,0.7435897435897436,0.1282051282051282,29,10,5,34,94,3,1,7,87
sun_bbsevjzddeawnmko.png,39,0.48717948717948717,0.6923076923076923,0.20512820512820512,27,12,8,31,110,8,6,12,98
sun_bbsldvounmbcjdnp.png,50,0.74,0.88,0.14,44,6,7,43,112,6,6,6,106
sun_bbsqijdywpmqtdtj.png,40,0.7250000000000001,0.8,0.075,32,8,3,37,96,3,5,9,87
sun_bbtnlhwybuwithex.png,31,0.6774193548387097,0.8387096774193549,0.16129032258064516,26,5,5,26,129,14,2,9,120
sun_bbubwfwgqybscyda.png,35,0.7142857142857142,0.8571428571428571,0.14285714285714285,30,5,5,30,98,10,2,10,88
sun_bbujoodjlecbswam.png,40,0.5499999999999999,0.7,0.15,28,12,6,34,113,19,5,20,93
sun_bbwwqqjbiyvmzffd.png,49,0.673469387755102,0.8571428571428571,0.1836734693877551,42,7,9,40,97,6,3,21,76
sun_bbxnrfpgfhnlfdzx.png,38,0.763157894736842,0.8421052631578947,0.07894736842105263,32,6,3,35,96,6,5,12,84
sun_bbxtljfyiwpnnbgh.png,41,0.7560975609756098,0.7804878048780488,0.024390243902439025,32,9,1,40,110,6,8,6,104
sun_bbyfxojghxtbvyhk.png,41,0.6097560975609756,0.7560975609756098,0.14634146341463414,31,10,6,35,90,11,2,12,78
sun_bbzwktvzevqormwo.png,41,0.8536585365853658,0.9024390243902439,0.04878048780487805,37,4,2,39,94,11,2,7,87
sun_bcaazxbrzfcjtplx.png,42,0.6904761904761905,0.9523809523809523,0.2619047619047619,40,2,11,31,90,11,2,22,68
sun_bcarwioytheufnic.png,49,0.6938775510204082,0.7346938775510204,0.04081632653061224,36,13,2,47,98,13,2,7,91
sun_bcbflbtwhuioysjn.png,55,0.7636363636363637,0.9272727272727272,0.16363636363636364,51,4,9,46,89,8,2,12,77
sun_bcbsntgiurrgeuqs.png,41,0.7317073170731708,0.8048780487804879,0.07317073170731707,33,8,3,38,96,12,2,6,90
sun_bccnapeyuiitgzxz.png,49,0.673469387755102,0.8775510204081632,0.20408163265306123,43,6,10,39,116,10,5,21,95
sun_bcdbhtizvibaalsl.png,37,0.7027027027027027,0.8108108108108109,0.10810810810810811,30,7,4,33,101,11,8,9,92
sun_bcdufifeiskcurcp.png,47,0.7872340425531914,0.8085106382978723,0.02127659574468085,38,9,1,46,101,19,1,3,98
sun_bcdyiakzgargotey.png,39,0.8205128205128206,0.9230769230769231,0.10256410256410256,36,3,4,35,98,12,0,9,89
sun_bcejoffuxavpzbjf.png,45,0.7555555555555555,0.8444444444444444,0.08888888888888889,38,7,4,41,113,13,6,11,102
sun_bchscdvagqvpfsso.png,49,0.7551020408163266,0.8163265306122449,0.061224489795918366,40,9,3,46,105,7,4,8,97
sun_bcigoeofjexmbghn.png,52,0.7307692307692308,0.8076923076923077,0.07692307692307693,42,10,4,48,111,10,5,10,101
sun_bcihxnpbgunynkzp.png,43,0.4186046511627907,0.6976744186046512,0.27906976744186046,30,13,12,31,109,6,4,19,90
sun_bcjryaqtmitnetbc.png,55,0.5818181818181818,0.6909090909090909,0.10909090909090909,38,17,6,49,99,11,4,8,91
sun_bcjxyczroqzvrngs.png,44,0.75,0.8636363636363636,0.11363636363636363,38,6,5,39,85,9,3,11,74
sun_bckdpvztxhvormnb.png,43,0.6744186046511628,0.6976744186046512,0.023255813953488372,30,13,1,42,103,5,1,13,90
sun_bcklfkieeutjzaht.png,44,0.49999999999999994,0.7954545454545454,0.29545454545454547,35,9,13,31,94,5,4,17,77
sun_bckoevcurwosynki.png,40,0.9249999999999999,0.975,0.05,39,1,2,38,98,13,0,14,84
sun_bclexsqgxfcueagx.png,48,0.5,0.6666666666666666,0.16666666666666666,32,16,8,40,90,17,2,7,83
sun_bclgfgrqkzfqmlir.png,47,0.6595744680851064,0.7872340425531915,0.1276595744680851,37,10,6,41,80,4,1,7,73
sun_bclnphgtvvcsulcu.png,38,0.6842105263157894,0.7368421052631579,0.05263157894736842,28,10,2,36,103,7,4,8,95
sun_bclxaowhmcjxxyup.png,47,0.8297872340425532,0.9148936170212766,0.0851063829787234,43,4,4,43,114,13,0,4,110
sun_bcmfupqdwpupcwns.png,48,0.5625,0.6875,0.125,33,15,6,42,124,8,5,6,118
sun_bcnjhlgasrzhincx.png,56,0.6785714285714285,0.7321428571428571,0.05357142857142857,41,15,3,53,108,7,4,9,99
sun_bcqkwacbjykcbsqi.png,48,0.7916666666666666,0.875,0.08333333333333333,42,6,4,44,97,6,3,5,92
sun_bcrpsqrkfdcfxeez.png,48,0.6458333333333334,0.7083333333333334,0.0625,34,14,3,45,106,2,6,17,89
sun_bcsltrqbbfzsumzm.png,44,0.8409090909090908,0.9090909090909091,0.06818181818181818,40,4,3,41,88,5,2,2,86
sun_bcsrxjtlkgpkihhb.png,32,0.6875,0.875,0.1875,28,4,6,26,111,9,1,25,86
sun_bctqadrweuguozsq.png,41,0.8292682926829269,0.926829268292683,0.0975609756097561,38,3,4,37,118,12,4,13,105
sun_bcvmusqfweuqeedv.png,47,0.851063829787234,0.851063829787234,0.0,40,7,0,47,93,11,3,0,93
sun_bcvovsrkuqmypydj.png,40,0.65,0.725,0.075,29,11,3,37,108,9,8,9,99
sun_bcwbcdouovepttsx.png,41,0.6829268292682926,0.8292682926829268,0.14634146341463414,34,7,6,35,129,10,5,20,109
sun_bcwcoqgsueznibgo.png,61,0.6393442622950819,0.6721311475409836,0.03278688524590164,41,20,2,59,105,11,4,7,98
sun_bcwyzvggchetltzv.png,56,0.5535714285714286,0.625,0.07142857142857142,35,21,4,52,125,6,7,7,118
sun_bcxdkojvysimgjfx.png,49,0.5306122448979592,0.7142857142857143,0.1836734693877551,35,14,9,40,93,9,5,12,81
sun_bcxzdapcjzbbhsqm.png,42,0.761904761904762,0.8333333333333334,0.07142857142857142,35,7,3,39,131,15,1,13,118
sun_bcyufitsfbcrhooe.png,58,0.7413793103448276,0.8448275862068966,0.10344827586206896,49,9,6,52,99,8,2,10,89
sun_bczeflnxqgkpuxdm.png,36,0.7222222222222223,0.8611111111111112,0.1388888888888889,31,5,5,31,108,12,2,10,98
sun_bczlttwvngwwabrg.png,51,0.6862745098039216,0.8431372549019608,0.1568627450980392,43,8,8,43,105,7,1,14,91
sun_bdaphipvgqwefzyh.png,36,0.75,0.8333333333333334,0.08333333333333333,30,6,3,33,88,8,2,8,80
sun_bdctcvpcmzqhcmfj.png,52,0.5384615384615384,0.6346153846153846,0.09615384615384616,33,19,5,47,94,8,4,8,86
sun_bddmamlvoqvghvez.png,48,0.7083333333333334,0.8333333333333334,0.125,40,8,6,42,97,10,2,9,88
sun_bdejjkuncsbjavzh.png,45,0.711111111111111,0.8222222222222222,0.1111111111111111,37,8,5,40,111,12,4,4,107
sun_bdelvyhhxnmyexmr.png,46,0.47826086956521735,0.5652173913043478,0.08695652173913043,26,20,4,42,103,8,6,20,83
sun_bdflmklxzcmwvkpw.png,39,0.717948717948718,0.7435897435897436,0.02564102564102564,29,10,1,38,98,7,6,4,94
sun_bdfzvpneqfqbfcnq.png,40,0.7,0.75,0.05,30,10,2,38,129,9,6,18,111
sun_bdgtisllfmzjenxw.png,51,0.6274509803921569,0.6862745098039216,0.058823529411764705,35,16,3,48,88,8,4,11,77
sun_bdhltjoqtmyxhljm.png,35,0.7428571428571429,0.8285714285714286,0.08571428571428572,29,6,3,32,95,9,1,5,90
sun_bdipfsngarhttapg.png,52,0.8653846153846154,0.9038461538461539,0.038461538461538464,47,5,2,50,100,11,0,10,90
sun_bdiwlljpmliivkyf.png,50,0.39999999999999997,0.58,0.18,29,21,9,41,118,10,5,19,99
sun_bdlnnvdpzwcxdohh.png,44,0.8181818181818181,0.9318181818181818,0.11363636363636363,41,3,5,39,108,10,1,14,94
sun_bdlqyccsvvwnnomz.png,36,0.6111111111111112,0.7777777777777778,0.16666666666666666,28,8,6,30,101,8,5,11,90
sun_bdmjnosurlritzai.png,36,0.5833333333333334,0.8333333333333334,0.25,30,6,9,27,97,10,4,8,89
sun_bdmrkjfffdqzzwtt.png,44,0.5681818181818181,0.7727272727272727,0.20454545454545456,34,10,9,35,88,8,2,11,77
sun_bdnrhzbhsvekntfv.png,51,0.5882352941176471,0.7843137254901961,0.19607843137254902,40,11,10,41,111,6,7,27,84
sun_bdpigbyfxqlzrzlp.png,46,0.5,0.6521739130434783,0.15217391304347827,30,16,7,39,96,10,1,9,87
sun_bdqydgkbisztohgb.png,42,0.6666666666666667,0.7142857142857143,0.047619047619047616,30,12,2,40,113,13,3,9,104
sun_bdrcfchcpaldecta.png,50,0.52,0.74,0.22,37,13,11,39,91,8,0,19,72
sun_bdrdqnukfczzhbuy.png,42,0.33333333333333337,0.5476190476190477,0.21428571428571427,23,19,9,33,88,8,4,12,76
sun_bdrtzmvpvjjjhfkf.png,43,0.7209302325581395,0.7209302325581395,0.0,31,12,0,43,90,4,5,11,79
sun_bdstzvzpydgefcac.png,36,0.6111111111111112,0.7222222222222222,0.1111111111111111,26,10,4,32,97,5,3,8,89
sun_bdsuwshucmlylypq.png,53,0.7547169811320755,0.7924528301886793,0.03773584905660377,42,11,2,51,98,6,1,9,89
sun_bdszixwbpkeyttyo.png,41,0.5853658536585367,0.8048780487804879,0.21951219512195122,33,8,9,32,114,8,0,15,99
sun_bdtfbvsjmngxtezt.png,52,0.5384615384615385,0.7692307692307693,0.23076923076923078,40,12,12,40,114,14,4,5,109
sun_bduaixgrpgbghqcm.png,45,0.6222222222222222,0.6666666666666666,0.044444444444444446,30,15,2,43,125,6,3,12,113
sun_bdugblqspxfhmaem.png,40,0.625,0.725,0.1,29,11,4,36,106,12,2,4,102
sun_bdusjzbyrrypnlwl.png,42,0.6904761904761905,0.8333333333333334,0.14285714285714285,35,7,6,36,93,5,4,18,75
sun_bdvfsuhpokltwttm.png,41,0.5853658536585367,0.6585365853658537,0.07317073170731707,27,14,3,38,102,11,7,4,98
sun_bdxmuchtqfuxoxjt.png,54,0.6481481481481481,0.7592592592592593,0.1111111111111111,41,13,6,48,116,8,1,23,93
sun_bdxuykjhqrjxkqjl.png,36,0.7777777777777777,0.9166666666666666,0.1388888888888889,33,3,5,31,94,11,1,7,87
sun_bdzizggydvbzazkx.png,46,0.6956521739130435,0.7391304347826086,0.043478260869565216,34,12,2,44,102,5,7,1,101
sun_bdzjcwzjazxbudku.png,49,0.5510204081632653,0.6530612244897959,0.10204081632653061,32,17,5,44,92,8,8,16,76
sun_beaexkkkrudnqwzp.png,50,0.6,0.64,0.04,32,18,2,48,95,6,3,2,93
sun_bebgpijsqeczgafr.png,54,0.7037037037037037,0.7592592592592593,0.05555555555555555,41,13,3,51,104,9,4,7,97
sun_bebtaahxpldhjrna.png,36,0.611111111111111,0.6666666666666666,0.05555555555555555,24,12,2,34,107,12,5,14,93
sun_becbzmfedqexoyin.png,44,0.8409090909090909,0.8636363636363636,0.022727272727272728,38,6,1,43,94,13,2,0,94
sun_beedelobizyweryx.png,54,0.425925925925926,0.5370370370370371,0.1111111111111111,29,25,6,48,106,7,3,12,94
sun_beehkrktthrkvgtf.png,54,0.7777777777777777,0.8148148148148148,0.037037037037037035,44,10,2,52,97,9,2,4,93
sun_beetwlkvphgtfeks.png,44,0.9318181818181818,0.9318181818181818,0.0,41,3,0,44,95,10,1,7,88
sun_befmklkjwmrlvjpr.png,40,0.625,0.875,0.25,35,5,10,30,101,16,2,25,76
sun_befstwmkodudakgz.png,49,0.6938775510204082,0.7551020408163265,0.061224489795918366,37,12,3,46,87,7,6,5,82
sun_begaqriykgpevrkl.png,42,0.6904761904761905,0.8571428571428571,0.16666666666666666,36,6,7,35,99,7,2,22,77
sun_begjsohwfecizxjd.png,39,0.6153846153846154,0.7692307692307693,0.15384615384615385,30,9,6,33,86,9,1,7,79
sun_behmztszxhfywbml.png,43,0.8372093023255814,0.9534883720930233,0.11627906976744186,41,2,5,38,113,11,5,12,101
sun_beissakbdndzhwpk.png,55,0.4909090909090909,0.6545454545454545,0.16363636363636364,36,19,9,46,108,8,6,17,91
sun_belbaeltfvjwmfmi.png,52,0.5576923076923077,0.6538461538461539,0.09615384615384616,34,18,5,47,103,7,3,12,91
sun_beleuqxdphydmwdj.png,44,0.8636363636363635,0.9318181818181818,0.06818181818181818,41,3,3,41,116,13,2,13,103
sun_beljocifggmzatxb.png,46,0.7608695652173914,0.8260869565217391,0.06521739130434782,38,8,3,43,111,8,4,15,96
sun_beltccrjmujochoa.png,54,0.6666666666666666,0.7962962962962963,0.12962962962962962,43,11,7,47,90,14,2,5,85
sun_belxunkludvdakbq.png,42,0.5238095238095238,0.6904761904761905,0.16666666666666666,29,13,7,35,88,2,5,8,80
sun_bemkhqqbstjsscwk.png,42,0.6428571428571429,0.7380952380952381,0.09523809523809523,31,11,4,38,85,9,6,6,79
sun_bemplgmjdmhdyskq.png,47,0.6170212765957447,0.7021276595744681,0.0851063829787234,33,14,4,43,85,9,2,6,79
sun_benlqohnznhvtgut.png,35,0.6285714285714286,0.7714285714285715,0.14285714285714285,27,8,5,30,89,5,2,13,76
sun_benslgtefebxukci.png,57,0.6140350877192982,0.8421052631578947,0.22807017543859648,48,9,13,44,122,15,5,33,89
sun_beoixpbmdaobqqpo.png,37,0.5675675675675675,0.6216216216216216,0.05405405405405406,23,14,2,35,95,11,7,7,88
sun_betenvxvczoydwwk.png,50,0.45999999999999996,0.48,0.02,24,26,1,49,93,5,7,6,87
sun_betpsnyasickitbo.png,37,0.5675675675675675,0.6756756756756757,0.10810810810810811,25,12,4,33,106,16,5,14,92
sun_betqvjrqhrmcajcb.png,49,0.836734693877551,0.8571428571428571,0.02040816326530612,42,7,1,48,112,7,5,6,106
sun_beudzcwlnlyqilto.png,49,0.4285714285714286,0.5918367346938775,0.16326530612244897,29,20,8,41,101,9,7,9,92
sun_beufjrlyporculfz.png,63,0.5873015873015872,0.8571428571428571,0.2698412698412698,54,9,17,46,105,11,1,31,74
sun_bevfcvatltvrppif.png,41,0.6585365853658537,0.7804878048780488,0.12195121951219512,32,9,5,36,108,13,2,12,96
sun_bevljkixqxaaatkx.png,54,0.6296296296296297,0.8333333333333334,0.2037037037037037,45,9,11,43,115,10,5,23,92
sun_bevudzoepcrjskws.png,42,0.6904761904761905,0.8095238095238095,0.11904761904761904,34,8,5,37,112,4,2,12,100
sun_bewfxihogkndywgn.png,49,0.7755102040816326,0.8163265306122449,0.04081632653061224,40,9,2,47,97,8,5,8,89
sun_bewlknolukfqyfuk.png,45,0.7333333333333333,0.7555555555555555,0.022222222222222223,34,11,1,44,102,7,8,8,94
sun_bewrnzspryjjsdbl.png,44,0.5909090909090909,0.8181818181818182,0.22727272727272727,36,8,10,34,97,6,3,22,75
sun_bexijeznhicllkgn.png,43,0.6744186046511628,0.7906976744186046,0.11627906976744186,34,9,5,38,101,8,6,11,90
sun_bexqjamavdurzwou.png,47,0.5106382978723405,0.6382978723404256,0.1276595744680851,30,17,6,41,103,11,4,12,91
sun_beymsjkywdwqictt.png,42,0.6428571428571428,0.7619047619047619,0.11904761904761904,32,10,5,37,100,11,4,18,82
sun_bezgbkxdmdzodpfc.png,40,0.8,0.9,0.1,36,4,4,36,90,8,1,7,83
sun_bezkrklzfarorihm.png,41,0.6341463414634146,0.7804878048780488,0.14634146341463414,32,9,6,35,103,9,6,12,91
sun_bfawzoltmzmcmhfi.png,58,0.7586206896551724,0.8103448275862069,0.05172413793103448,47,11,3,55,109,12,0,9,100
sun_bfbagoiqwftdyyer.png,32,0.84375,0.875,0.03125,28,4,1,31,116,8,1,6,110
sun_bfbahymgtqfgowhq.png,49,0.6938775510204082,0.7959183673469388,0.10204081632653061,39,10,5,44,109,11,1,13,96
sun_bfcvebwfyogwmvtr.png,62,0.6774193548387096,0.7580645161290323,0.08064516129032258,47,15,5,57,96,7,5,7,89
sun_bfcwqknzklhesmsz.png,44,0.6818181818181819,0.8181818181818182,0.13636363636363635,36,8,6,38,96,10,3,11,85
sun_bfcypjruisfyselq.png,46,0.7608695652173914,0.8043478260869565,0.043478260869565216,37,9,2,44,93,7,2,3,90
sun_bfetwvxcrsighjfn.png,47,0.5319148936170213,0.5531914893617021,0.02127659574468085,26,21,1,46,107,8,4,7,100
sun_bffnymzswtzkrujb.png,47,0.5319148936170213,0.6595744680851063,0.1276595744680851,31,16,6,41,106,11,7,8,98
sun_bfigjwjpnblgjbwh.png,49,0.5714285714285714,0.673469387755102,0.10204081632653061,33,16,5,44,103,13,2,13,90
sun_bfigzmukdtkxxhxb.png,41,0.3902439024390244,0.5365853658536586,0.14634146341463414,22,19,6,35,105,7,5,14,91
sun_bfkhvtwktbyrgtmw.png,52,0.8076923076923076,0.8269230769230769,0.019230769230769232,43,9,1,51,101,11,2,8,93
sun_bfknrrxqrtpmrwuj.png,43,0.3953488372093023,0.46511627906976744,0.06976744186046512,20,23,3,40,114,8,10,6,108
sun_bflcuuoxedgqiygm.png,52,0.6153846153846153,0.8269230769230769,0.21153846153846154,43,9,11,41,126,9,5,18,108
sun_bflxwpbevfzyspmt.png,55,0.6363636363636362,0.8363636363636363,0.2,46,9,11,44,108,15,2,13,95
sun_bfmfmwnwaplhogbj.png,37,0.6756756756756757,0.8108108108108109,0.13513513513513514,30,7,5,32,119,12,4,5,114
sun_bfmvazllrikustoq.png,40,0.7,0.825,0.125,33,7,5,35,110,13,2,10,100
sun_bfmwfbbfbsxrjxnt.png,50,0.6599999999999999,0.84,0.18,42,8,9,41,94,8,2,22,72
sun_bfniyetwimeldque.png,42,0.4523809523809524,0.5952380952380952,0.14285714285714285,25,17,6,36,113,9,2,12,101
sun_bfpvdiidfhykxyvn.png,43,0.8604651162790697,0.9069767441860465,0.046511627906976744,39,4,2,41,98,11,1,5,93
sun_bfqbvblfjyloakjb.png,46,0.5652173913043478,0.6956521739130435,0.13043478260869565,32,14,6,40,77,5,1,4,73
sun_bfrufvcashrzlnbv.png,51,0.9019607843137254,0.9215686274509803,0.0196078431372549,47,4,1,50,103,10,3,8,95
sun_bfruzldfozxhbesb.png,35,0.8285714285714285,0.8571428571428571,0.02857142857142857,30,5,1,34,104,17,0,6,98
sun_bfsbjkqwhoyujxdm.png,45,0.7555555555555555,0.7777777777777778,0.022222222222222223,35,10,1,44,110,5,4,11,99
sun_bfsdfcgrkgufqert.png,32,0.5,0.75,0.25,24,8,8,24,96,15,1,16,80
sun_bfsroeazaidaoltr.png,44,0.27272727272727276,0.4090909090909091,0.13636363636363635,18,26,6,38,108,5,11,12,96
sun_bftqvufsnsaycbao.png,41,0.6829268292682927,0.8048780487804879,0.12195121951219512,33,8,5,36,98,9,2,6,92
sun_bfuchcuyacqdodaw.png,43,0.6744186046511628,0.7906976744186046,0.11627906976744186,34,9,5,38,113,7,4,6,107
sun_bfuctrfemxmunxbq.png,50,0.76,0.84,0.08,42,8,4,46,107,14,3,10,97
sun_bfufeysqtftjmfuy.png,53,0.6037735849056605,0.7735849056603774,0.16981132075471697,41,12,9,44,100,8,2,14,86
sun_bfvbfqarlakysess.png,42,0.738095238095238,0.7619047619047619,0.023809523809523808,32,10,1,41,91,3,3,2,89
sun_bfvkmevbubaipchz.png,53,0.7735849056603774,0.7924528301886793,0.018867924528301886,42,11,1,52,91,11,3,7,84
sun_bfwxztaayfnkvwrc.png,49,0.5714285714285714,0.5714285714285714,0.0,28,21,0,49,107,7,5,7,100
sun_bfypfzsgriwvvixd.png,50,0.68,0.92,0.24,46,4,12,38,96,14,2,25,71
sun_bfyvfqiimvdaxlqn.png,49,0.6122448979591837,0.8163265306122449,0.20408163265306123,40,9,10,39,106,9,1,17,89
sun_bfzknarnumqnbeqg.png,48,0.5833333333333333,0.6041666666666666,0.020833333333333332,29,19,1,47,93,8,3,1,92
sun_bfztbzvqscvktlao.png,53,0.7924528301886793,0.8301886792452831,0.03773584905660377,44,9,2,51,112,6,5,12,100
sun_bgaiiqfumzuvnmlf.png,41,0.43902439024390244,0.7317073170731707,0.2926829268292683,30,11,12,29,96,3,3,18,78
sun_bgbbpwzzfsiasqvv.png,41,0.7073170731707317,0.8292682926829268,0.12195121951219512,34,7,5,36,103,6,2,10,93
sun_bgcbfzhqiswnvvnn.png,37,0.6756756756756757,0.7837837837837838,0.10810810810810811,29,8,4,33,107,4,10,15,92
sun_bgdomvguoztzhbpq.png,46,0.5,0.6521739130434783,0.15217391304347827,30,16,7,39,91,4,4,20,71
sun_bgdophjktlxnxagt.png,49,0.6938775510204082,0.7959183673469388,0.10204081632653061,39,10,5,44,100,9,2,15,85
sun_bgefqycztqzquikr.png,56,0.4821428571428571,0.7321428571428571,0.25,41,15,14,42,101,11,3,25,76
sun_bgekfzqjhrwjugqh.png,42,0.6190476190476191,0.7380952380952381,0.11904761904761904,31,11,5,37,100,9,4,18,82
sun_bghhucfqkgdotdrl.png,48,0.7291666666666666,0.8125,0.08333333333333333,39,9,4,44,93,5,4,8,85
sun_bghuewdplzwtifme.png,53,0.9056603773584906,0.9245283018867925,0.018867924528301886,49,4,1,52,101,18,1,2,99
sun_bgjbclbeggetjdfl.png,40,0.65,0.775,0.125,31,9,5,35,105,7,1,20,85
sun_bgjbdhubbegvtmkv.png,62,0.8548387096774193,0.9193548387096774,0.06451612903225806,57,5,4,58,95,10,3,3,92
sun_bgjjsalgrydbrqjl.png,45,0.6,0.8444444444444444,0.24444444444444444,38,7,11,34,111,14,1,18,93
sun_bgjqgwpsbclcnhct.png,43,0.6976744186046512,0.7441860465116279,0.046511627906976744,32,11,2,41,98,10,3,10,88
sun_bgjrtiivbwugxhxp.png,54,0.6481481481481481,0.8148148148148148,0.16666666666666666,44,10,9,45,70,12,1,7,63
sun_bgnmlxbfxvlbssfe.png,42,0.5,0.5476190476190477,0.047619047619047616,23,19,2,40,94,5,2,7,87
sun_bgoecsfdwynzflgk.png,40,0.47500000000000003,0.55,0.075,22,18,3,37,87,4,4,5,82
sun_bgoiwzufmjixyjdq.png,44,0.5909090909090909,0.8181818181818182,0.22727272727272727,36,8,10,34,88,6,0,10,78
sun_bgosudmyldzkcmfv.png,52,0.8269230769230769,0.8846153846153846,0.057692307692307696,46,6,3,49,112,11,3,3,109
sun_bgpcntiiiuvweujk.png,49,0.510204081632653,0.6530612244897959,0.14285714285714285,32,17,7,42,108,11,5,11,97
sun_bgpltlmtlixufpat.png,45,0.6888888888888889,0.9111111111111111,0.2222222222222222,41,4,10,35,106,13,2,14,92
sun_bgpmezdwfeklpnml.png,35,0.5714285714285714,0.7714285714285715,0.2,27,8,7,28,109,12,1,15,94
sun_bgrrrlvcogamhmnf.png,55,0.2909090909090909,0.38181818181818183,0.09090909090909091,21,34,5,50,93,8,2,14,79
sun_bgtevttkunwdxcnc.png,45,0.7777777777777778,0.9111111111111111,0.13333333333333333,41,4,6,39,120,10,2,4,116
sun_bgtratrjfolfwdzj.png,58,0.7413793103448276,0.8275862068965517,0.08620689655172414,48,10,5,53,114,13,2,6,108
sun_bgumiuhyimvezfeb.png,51,0.6862745098039216,0.8823529411764706,0.19607843137254902,45,6,10,41,100,6,8,10,90
sun_bgusozmwcjqeelmr.png,57,0.7543859649122806,0.8771929824561403,0.12280701754385964,50,7,7,50,107,10,2,12,95
sun_bguypsxgvacnktfg.png,41,0.6341463414634145,0.8292682926829268,0.1951219512195122,34,7,8,33,106,17,4,18,88
sun_bgvfjygvkmlmxjej.png,45,0.9111111111111111,0.9111111111111111,0.0,41,4,0,45,86,10,2,7,79
sun_bgwdwaeuakbmuxeg.png,62,0.6612903225806451,0.7903225806451613,0.12903225806451613,49,13,8,54,95,4,8,9,86
sun_bgwtyhnvvqtyetda.png,44,0.7954545454545454,0.8636363636363636,0.06818181818181818,38,6,3,41,106,8,2,13,93
sun_bgxeriextvbkhbfe.png,34,0.7941176470588235,0.8823529411764706,0.08823529411764706,30,4,3,31,97,12,3,18,79
sun_bgzjryivyczuvkvm.png,46,0.8043478260869565,0.8913043478260869,0.08695652173913043,41,5,4,42,101,13,4,11,90
sun_bhavnevyzhxissyk.png,34,0.5882352941176471,0.6764705882352942,0.08823529411764706,23,11,3,31,91,7,4,4,87
sun_bhaweieutflnnywh.png,38,0.763157894736842,0.8421052631578947,0.07894736842105263,32,6,3,35,99,7,3,10,89
sun_bhdnsnsxektcrmnc.png,45,0.4,0.5333333333333333,0.13333333333333333,24,21,6,39,95,5,5,11,84
sun_bhdodffwxvtqotdz.png,50,0.44,0.52,0.08,26,24,4,46,127,8,9,14,113
sun_bheohfujdgqkjcmr.png,38,0.7105263157894737,0.7894736842105263,0.07894736842105263,30,8,3,35,119,12,4,25,94
sun_bherpogxcapbxyrr.png,58,0.6379310344827587,0.7931034482758621,0.15517241379310345,46,12,9,49,94,18,3,14,80
sun_bhewxrwibqyfxgxp.png,50,0.74,0.76,0.02,38,12,1,49,86,10,2,12,74
sun_bhgfrjxthmegwkbu.png,56,0.5714285714285714,0.625,0.05357142857142857,35,21,3,53,117,8,2,6,111
sun_bhglqbfkxbqactrv.png,54,0.5740740740740742,0.6851851851851852,0.1111111111111111,37,17,6,48,96,7,3,7,89
sun_bhgrpkivoexfdank.png,49,0.6734693877551021,0.7346938775510204,0.061224489795918366,36,13,3,46,96,3,4,10,86
sun_bhgxtbnjtmhdjsgk.png,61,0.639344262295082,0.7049180327868853,0.06557377049180328,43,18,4,57,114,9,8,5,109
sun_bhhasixxzkqyhywe.png,49,0.7755102040816326,0.8775510204081632,0.10204081632653061,43,6,5,44,97,6,1,11,86
sun_bhhbiqyojxkiwrll.png,45,0.5777777777777778,0.8,0.2222222222222222,36,9,10,35,103,8,0,27,76
sun_bhhhqbiekouqmkac.png,49,0.7551020408163266,0.8163265306122449,0.061224489795918366,40,9,3,46,93,6,5,11,82
sun_bhhtrmwvoadbfucw.png,32,0.6875,0.8125,0.125,26,6,4,28,109,6,5,14,95
sun_bhhvaejtcvichkpm.png,47,0.7446808510638298,0.7659574468085106,0.02127659574468085,36,11,1,46,108,6,4,4,104
sun_bhiplnjaxcfjsmge.png,46,0.5217391304347827,0.5869565217391305,0.06521739130434782,27,19,3,43,97,7,6,4,93
sun_bhixsbikiamkdlxa.png,41,0.6829268292682927,0.7560975609756098,0.07317073170731707,31,10,3,38,90,6,1,6,84
sun_bhizxrsqlchryhhv.png,56,0.5178571428571428,0.6964285714285714,0.17857142857142858,39,17,10,46,127,13,8,21,106
sun_bhjuwoaxdrdgsqqe.png,56,0.4464285714285714,0.5357142857142857,0.08928571428571429,30,26,5,51,106,7,12,7,99
sun_bhlugtxwagydpqdu.png,43,0.6744186046511628,0.7906976744186046,0.11627906976744186,34,9,5,38,107,8,3,10,97
sun_bhmajchacqkvaqlf.png,50,0.8,0.86,0.06,43,7,3,47,110,15,3,7,103
sun_bhmesxjrrlbjpjpz.png,39,0.6923076923076923,0.8974358974358975,0.20512820512820512,35,4,8,31,105,8,5,23,82
sun_bhndlqszdyjufigo.png,54,0.5555555555555556,0.6296296296296297,0.07407407407407407,34,20,4,50,100,5,4,5,95
sun_bhnwkiyrkkgnefwf.png,45,0.7111111111111111,0.8,0.08888888888888889,36,9,4,41,118,14,2,18,100
sun_bholsblufawffpun.png,41,0.7073170731707318,0.7804878048780488,0.07317073170731707,32,9,3,38,101,8,2,9,92
sun_bhormfokawttatgc.png,42,0.5952380952380953,0.6428571428571429,0.047619047619047616,27,15,2,40,84,10,6,7,77
sun_bhphmnxxnwuclnfb.png,44,0.5909090909090908,0.7727272727272727,0.18181818181818182,34,10,8,36,83,6,6,13,70
sun_bhqnpwbpxudzbiqb.png,47,0.5106382978723405,0.723404255319149,0.2127659574468085,34,13,10,37,115,10,5,16,99
sun_bhrfoniyefglrcfl.png,43,0.5116279069767442,0.5813953488372093,0.06976744186046512,25,18,3,40,116,8,9,5,111
sun_bhrpukfhvmtkkxlw.png,47,0.8723404255319148,0.8936170212765957,0.02127659574468085,42,5,1,46,113,13,2,4,109
sun_bhsirvbzddqizrxd.png,44,0.6590909090909091,0.7954545454545454,0.13636363636363635,35,9,6,38,115,10,2,4,111
sun_bhsrbwjczgxwjdyu.png,43,0.558139534883721,0.6511627906976745,0.09302325581395349,28,15,4,39,126,7,6,15,111
sun_bhstabllfxqmqfki.png,44,0.5681818181818181,0.6363636363636364,0.06818181818181818,28,16,3,41,89,9,6,7,82
sun_bhsvoxhngtvlfcxy.png,49,0.836734693877551,0.8775510204081632,0.04081632653061224,43,6,2,47,110,9,5,2,108
sun_bhtuutqvtlypnhct.png,46,0.5869565217391305,0.6304347826086957,0.043478260869565216,29,17,2,44,77,5,5,7,70
sun_bhudxlpdkywdgwba.png,44,0.38636363636363635,0.4772727272727273,0.09090909090909091,21,23,4,40,98,7,8,17,81
sun_bhvdcsumgmncffse.png,33,0.6060606060606061,0.7272727272727273,0.12121212121212122,24,9,4,29,118,13,7,4,114
sun_bhvuqwhhdrfmwhjd.png,43,0.627906976744186,0.7209302325581395,0.09302325581395349,31,12,4,39,110,10,4,10,100
sun_bhwbnzkvnxfturxh.png,49,0.673469387755102,0.7959183673469388,0.12244897959183673,39,10,6,43,112,13,7,13,99
sun_bhwmdsmcpomvprxp.png,38,0.7105263157894737,0.7894736842105263,0.07894736842105263,30,8,3,35,101,11,4,10,91
sun_bhxpmohdpqnzfkhy.png,44,0.5909090909090908,0.6818181818181818,0.09090909090909091,30,14,4,40,116,8,11,8,108
sun_bhyxzyjlxujlguhy.png,29,0.6551724137931034,0.7241379310344828,0.06896551724137931,21,8,2,27,91,4,3,12,79
sun_biaagwvvtbnxdnos.png,42,0.6428571428571428,0.7857142857142857,0.14285714285714285,33,9,6,36,124,11,3,13,111
sun_biazfyrjppndeuml.png,44,0.6818181818181819,0.7045454545454546,0.022727272727272728,31,13,1,43,96,6,4,7,89
sun_biazkvmtmvicrnmp.png,38,0.8157894736842105,0.9473684210526315,0.13157894736842105,36,2,5,33,119,18,3,16,103
sun_bibpkzdjvvkvhltq.png,46,0.6086956521739131,0.782608695652174,0.17391304347826086,36,10,8,38,119,14,9,16,103
sun_bicdjokshkccozjk.png,39,0.717948717948718,0.8205128205128205,0.10256410256410256,32,7,4,35,101,7,3,11,90
sun_biclizlkkeknhqqs.png,51,0.5882352941176471,0.6862745098039216,0.09803921568627451,35,16,5,46,84,5,3,8,76
sun_biclmmlgmotxrzkh.png,45,0.5333333333333333,0.6888888888888889,0.15555555555555556,31,14,7,38,105,12,4,21,84
sun_bidefnxvnvwxhfco.png,46,0.7608695652173914,0.8043478260869565,0.043478260869565216,37,9,2,44,111,12,3,13,98
sun_bidhlflrqqkdzeni.png,49,0.8367346938775511,0.8979591836734694,0.061224489795918366,44,5,3,46,92,8,1,7,85
sun_biemgsbfologmbxx.png,51,0.8039215686274509,0.8235294117647058,0.0196078431372549,42,9,1,50,98,13,4,6,92
sun_biewsknlfkpuavdb.png,49,0.653061224489796,0.7346938775510204,0.08163265306122448,36,13,4,45,123,20,3,23,100
sun_bieydjzghogcuche.png,47,0.7021276595744681,0.851063829787234,0.14893617021276595,40,7,7,40,102,11,0,19,83
sun_bifbfseaqcgygyoo.png,31,0.5161290322580645,0.8387096774193549,0.3225806451612903,26,5,10,21,82,7,2,27,55
sun_bignjiblzcbyzdoo.png,49,0.7346938775510203,0.7551020408163265,0.02040816326530612,37,12,1,48,104,6,2,10,94
sun_bihhflcnonnooztq.png,41,0.5365853658536586,0.7317073170731707,0.1951219512195122,30,11,8,33,103,12,1,30,73
sun_bihhseftugogaqec.png,50,0.7000000000000001,0.78,0.08,39,11,4,46,107,7,8,6,101
sun_bihzlyaiqnrhvsek.png,39,0.3846153846153846,0.5384615384615384,0.15384615384615385,21,18,6,33,101,9,6,18,83
sun_biipoielavkspiqe.png,52,0.6923076923076923,0.75,0.057692307692307696,39,13,3,49,100,7,5,11,89
sun_bijmqyaglnrzqfku.png,31,0.7096774193548386,0.9354838709677419,0.22580645161290322,29,2,7,24,87,10,3,10,77
sun_bikzmmynppjwtykr.png,53,0.7924528301886793,0.8490566037735849,0.05660377358490566,45,8,3,50,100,9,5,7,93
sun_bimdpagwyqrufmzk.png,56,0.8928571428571428,0.9107142857142857,0.017857142857142856,51,5,1,55,100,12,3,5,95
sun_bimowfoneezwqocq.png,53,0.7358490566037736,0.7924528301886793,0.05660377358490566,42,11,3,50,97,13,4,7,90
sun_bipkhjhjnnisxsns.png,47,0.7021276595744681,0.7659574468085106,0.06382978723404255,36,11,3,44,120,10,8,6,114
sun_biqdshexzanwirbv.png,45,0.6222222222222222,0.7333333333333333,0.1111111111111111,33,12,5,40,102,6,7,7,95
sun_biqivvudcrvqfaen.png,44,0.6136363636363636,0.7272727272727273,0.11363636363636363,32,12,5,39,120,15,7,12,108
sun_biqrgcouxiysrxxv.png,33,0.606060606060606,0.7878787878787878,0.18181818181818182,26,7,6,27,93,14,2,2,91
sun_birjrgxyjrzhdrng.png,45,0.6666666666666666,0.7555555555555555,0.08888888888888889,34,11,4,41,91,8,2,8,83
sun_birzjkswnrkcieqk.png,47,0.6170212765957447,0.6595744680851063,0.0425531914893617,31,16,2,45,101,5,7,6,95
sun_bisjjmduzocgpqms.png,36,0.6944444444444444,0.75,0.05555555555555555,27,9,2,34,109,6,5,7,102
sun_bisoxskpwmqoxaag.png,37,0.8378378378378379,0.918918918918919,0.08108108108108109,34,3,3,34,108,14,3,9,99
sun_bitodgqflfykstrr.png,54,0.7777777777777777,0.8888888888888888,0.1111111111111111,48,6,6,48,104,12,4,18,86
sun_bitvseyrkpkaitod.png,44,0.7045454545454546,0.8863636363636364,0.18181818181818182,39,5,8,36,104,10,6,4,100
sun_biucrrkejqofiucf.png,49,0.7142857142857143,0.7959183673469388,0.08163265306122448,39,10,4,45,99,8,3,7,92
sun_biuhkfjdwgohbbjt.png,38,0.368421052631579,0.5789473684210527,0.21052631578947367,22,16,8,30,110,8,8,15,95
sun_biuiuxadfibucete.png,44,0.5227272727272727,0.6818181818181818,0.1590909090909091,30,14,7,37,93,13,3,8,85
sun_biuytmjiftzihfty.png,41,0.8048780487804879,0.9024390243902439,0.0975609756097561,37,4,4,37,87,9,6,18,69
sun_bivsgwnbqjyrtlwn.png,28,0.75,0.9642857142857143,0.21428571428571427,27,1,6,22,99,13,1,23,76
sun_biwcwomnlcgmilvy.png,51,0.8627450980392157,0.9019607843137255,0.0392156862745098,46,5,2,49,96,8,4,5,91
sun_biwjtjbrkjosclay.png,46,0.673913043478261,0.7608695652173914,0.08695652173913043,35,11,4,42,89,8,2,14,75
sun_bizrwckmhzkkhtob.png,41,0.6829268292682927,0.8048780487804879,0.12195121951219512,33,8,5,36,128,12,2,14,114
sun_bizvmlpygibosngq.png,46,0.45652173913043476,0.5652173913043478,0.10869565217391304,26,20,5,41,95,9,2,11,84
sun_bjcdhrrtbbootljx.png,51,0.47058823529411764,0.6470588235294118,0.17647058823529413,33,18,9,42,106,13,2,18,88
sun_bjcstycswrsmbctd.png,39,0.5897435897435896,0.7948717948717948,0.20512820512820512,31,8,8,31,94,5,3,20,74
sun_bjcualvhnykgsjyi.png,40,0.55,0.65,0.1,26,14,4,36,105,8,6,7,98
sun_bjcupuhiwzxupeuu.png,43,0.5581395348837209,0.6744186046511628,0.11627906976744186,29,14,5,38,95,14,3,4,91
sun_bjcwnelmvddrpwte.png,38,0.8157894736842105,0.8947368421052632,0.07894736842105263,34,4,3,35,108,10,3,5,103
sun_bjdkdxjfpmmacqtl.png,36,0.75,0.8333333333333334,0.08333333333333333,30,6,3,33,102,8,5,5,97
sun_bjdzlylirzzwzwxy.png,42,0.5714285714285714,0.6666666666666666,0.09523809523809523,28,14,4,38,106,5,6,24,82
sun_bjgxbesgeiwalpxd.png,51,0.5098039215686274,0.7647058823529411,0.2549019607843137,39,12,13,38,97,3,1,15,82
sun_bjhirlncvirefpno.png,38,0.605263157894737,0.7631578947368421,0.15789473684210525,29,9,6,32,98,7,4,13,85
sun_bjiavnrzxfiitfid.png,56,0.6071428571428571,0.6607142857142857,0.05357142857142857,37,19,3,53,107,17,6,4,103
sun_bjivwvyrzuvrchti.png,48,0.625,0.8541666666666666,0.22916666666666666,41,7,11,37,114,11,6,24,90
sun_bjiwldemlzjhfkhk.png,39,0.8205128205128205,0.8717948717948718,0.05128205128205128,34,5,2,37,108,10,4,14,94
sun_bjjetqbnrdybzeqd.png,50,0.76,0.76,0.0,38,12,0,50,102,5,4,10,92
sun_bjjkktafutnclxcb.png,48,0.6875,0.7291666666666666,0.041666666666666664,35,13,2,46,108,9,1,7,101
sun_bjjucghzlqyrrmqb.png,45,0.5777777777777778,0.6222222222222222,0.044444444444444446,28,17,2,43,96,5,4,7,89
sun_bjkhzusrmlwsxbra.png,51,0.6274509803921569,0.8235294117647058,0.19607843137254902,42,9,10,41,109,13,1,14,95
sun_bjlkthvuowdwxgyb.png,41,0.46341463414634154,0.5609756097560976,0.0975609756097561,23,18,4,37,105,4,4,10,95
sun_bjmilpeatkfzmest.png,43,0.6976744186046512,0.7674418604651163,0.06976744186046512,33,10,3,40,110,14,3,7,103
sun_bjovgycboomekyyx.png,39,0.8205128205128206,0.9230769230769231,0.10256410256410256,36,3,4,35,104,6,4,10,94
sun_bjpryaalypkmqtnw.png,43,0.5116279069767442,0.6511627906976745,0.13953488372093023,28,15,6,37,95,5,4,9,86
sun_bjqseeruaxsnqgkd.png,49,0.48979591836734687,0.5510204081632653,0.061224489795918366,27,22,3,46,109,6,8,11,98
sun_bjrkxxgvnxwtdykz.png,56,0.7857142857142858,0.9285714285714286,0.14285714285714285,52,4,8,48,100,6,1,15,85
sun_bjsgunamtrzqcbet.png,46,0.6304347826086957,0.7608695652173914,0.13043478260869565,35,11,6,40,111,14,3,14,97
sun_bjtaegjndovtoubb.png,43,0.6976744186046511,0.7906976744186046,0.09302325581395349,34,9,4,39,112,11,9,11,101
sun_bjthkfmyekdkjwln.png,43,0.7209302325581396,0.8372093023255814,0.11627906976744186,36,7,5,38,98,12,1,9,89
sun_bjuopgcqzceavmmx.png,41,0.6097560975609757,0.6829268292682927,0.07317073170731707,28,13,3,38,103,6,4,15,88
sun_bjvszycdbpvpjzgz.png,54,0.7777777777777778,0.8518518518518519,0.07407407407407407,46,8,4,50,89,2,2,11,78
sun_bjvzbpnxrwwnflpq.png,47,0.6170212765957447,0.7659574468085106,0.14893617021276595,36,11,7,40,104,3,4,5,99
sun_bjwltvmogymqyjjt.png,43,0.813953488372093,0.8604651162790697,0.046511627906976744,37,6,2,41,120,22,1,4,116
sun_bjwxsiaofeanyezl.png,39,0.641025641025641,0.8205128205128205,0.1794871794871795,32,7,7,32,128,13,6,7,121
sun_bjxlqavifatxtwjt.png,40,0.775,0.85,0.075,34,6,3,37,106,12,5,9,97
sun_bjyfvxrapsdvnver.png,44,0.7272727272727273,0.8409090909090909,0.11363636363636363,37,7,5,39,101,10,4,8,93
sun_bjyqblmdzrhbguyl.png,49,0.8775510204081634,0.9387755102040817,0.061224489795918366,46,3,3,46,90,13,2,5,85
sun_bjzmdmbhkuxglfuv.png,43,0.6744186046511628,0.9069767441860465,0.23255813953488372,39,4,10,33,126,11,4,31,95
sun_bjzofovqbfxtmaju.png,47,0.8085106382978724,0.851063829787234,0.0425531914893617,40,7,2,45,96,12,1,15,81
sun_bjztmzqnymhgycso.png,46,0.5217391304347827,0.8043478260869565,0.2826086956521739,37,9,13,33,97,11,5,20,77
sun_bjztsrxauimzlsku.png,54,0.7962962962962963,0.8518518518518519,0.05555555555555555,46,8,3,51,103,13,4,8,95
sun_bkaiztqswvwaxaym.png,42,0.7142857142857142,0.7619047619047619,0.047619047619047616,32,10,2,40,89,7,4,14,75
sun_bkazkjiovinsdaqt.png,38,0.5789473684210527,0.7105263157894737,0.13157894736842105,27,11,5,33,97,8,3,12,85
sun_bkbffczhbivzdefr.png,46,0.8260869565217391,0.9565217391304348,0.13043478260869565,44,2,6,40,95,9,3,8,87
sun_bkbqwdqlezhxycww.png,44,0.7727272727272727,0.8636363636363636,0.09090909090909091,38,6,4,40,94,9,4,13,81
sun_bkbvakgmxqftttgc.png,51,0.7450980392156863,0.8431372549019608,0.09803921568627451,43,8,5,46,83,9,2,8,75
sun_bkcscxrnwwqnbstu.png,35,0.7714285714285715,0.8,0.02857142857142857,28,7,1,34,99,8,5,17,82
sun_bkctmeakwpethtjw.png,39,0.717948717948718,0.717948717948718,0.0,28,11,0,39,94,6,3,5,89
sun_bkdeshnqeekulgmf.png,54,0.6851851851851851,0.7962962962962963,0.1111111111111111,43,11,6,48,87,4,3,14,73
sun_bkdsnknbpqifjaed.png,47,0.7872340425531914,0.8085106382978723,0.02127659574468085,38,9,1,46,100,6,3,2,98
sun_bkdvbhqtrfvxwqzn.png,50,0.52,0.58,0.06,29,21,3,47,104,6,10,6,98
sun_bkeakwwuorrvdesj.png,58,0.5689655172413793,0.7241379310344828,0.15517241379310345,42,16,9,49,119,16,3,15,104
sun_bkegtxfywalgsnpt.png,50,0.7,0.72,0.02,36,14,1,49,103,9,9,8,95
sun_bkfplxilujvokdsa.png,53,0.5660377358490566,0.660377358490566,0.09433962264150944,35,18,5,48,110,8,1,11,99
sun_bkgwnjebvsccilhm.png,41,0.6829268292682926,0.7317073170731707,0.04878048780487805,30,11,2,39,120,13,4,8,112
sun_bkhttoyxunbynfhx.png,60,0.75,0.85,0.1,51,9,6,54,103,10,3,9,94
sun_bkjeansajzflmwde.png,38,0.39473684210526316,0.6052631578947368,0.21052631578947367,23,15,8,30,106,8,8,19,87
sun_bkjhovqagpfknkax.png,46,0.7826086956521738,0.8695652173913043,0.08695652173913043,40,6,4,42,105,7,3,7,98
sun_bkjoksqxwfflylyr.png,39,0.6153846153846154,0.8205128205128205,0.20512820512820512,32,7,8,31,102,9,0,17,85
sun_bkmhsmcwkqzsrjha.png,47,0.7446808510638298,0.851063829787234,0.10638297872340426,40,7,5,42,84,8,3,5,79
sun_bkmnfgklupjijsgf.png,44,0.7727272727272727,0.8409090909090909,0.06818181818181818,37,7,3,41,90,11,2,18,72
sun_bkpakbrnbklrfcms.png,42,0.6666666666666666,0.7857142857142857,0.11904761904761904,33,9,5,37,110,10,5,23,87
sun_bkqjiwqzupabsuuv.png,43,0.9069767441860465,0.9302325581395349,0.023255813953488372,40,3,1,42,95,12,2,5,90
sun_bkqpapkaruexihsy.png,52,0.6730769230769231,0.75,0.07692307692307693,39,13,4,48,89,6,2,9,80
sun_bkrjfovupmughuiw.png,45,0.7111111111111111,0.7555555555555555,0.044444444444444446,34,11,2,43,104,8,6,20,84
sun_bkrofqcitaxjonzw.png,45,0.7777777777777778,0.8222222222222222,0.044444444444444446,37,8,2,43,89,9,3,3,86
sun_bktldkkgtlpfxekt.png,48,0.5416666666666667,0.7708333333333334,0.22916666666666666,37,11,11,37,120,7,4,24,96
sun_bktnbusoqehxodok.png,51,0.8431372549019608,0.9019607843137255,0.058823529411764705,46,5,3,48,95,12,2,3,92
sun_bkuaqrcgqponrayx.png,34,0.5588235294117647,0.7941176470588235,0.23529411764705882,27,7,8,26,104,9,9,13,91
sun_bkucgyejzvbtoqav.png,36,0.8055555555555556,0.8611111111111112,0.05555555555555555,31,5,2,34,117,5,2,12,105
sun_bkvjqgmploznrhxt.png,49,0.7959183673469388,0.8979591836734694,0.10204081632653061,44,5,5,44,108,13,3,7,101
sun_bkvlvjiymovezhfy.png,39,0.5641025641025641,0.7435897435897436,0.1794871794871795,29,10,7,32,106,9,3,19,87
sun_bkvvyhrnhmrrneyt.png,48,0.625,0.8125,0.1875,39,9,9,39,106,12,2,19,87
sun_bkwqkdbzqhhjdkap.png,48,0.5208333333333333,0.6041666666666666,0.08333333333333333,29,19,4,44,96,8,1,6,90
sun_bkwxuiaegmjazcvy.png,51,0.6470588235294118,0.7450980392156863,0.09803921568627451,38,13,5,46,105,3,5,7,98
sun_bkxbxcgkhlirggrb.png,53,0.7735849056603774,0.8301886792452831,0.05660377358490566,44,9,3,50,90,6,4,7,83
sun_bkxcyqxbwhobikqq.png,41,0.7317073170731708,0.8048780487804879,0.07317073170731707,33,8,3,38,88,7,8,2,86
sun_bkxlvtkggzrtvmdy.png,43,0.7441860465116279,0.8372093023255814,0.09302325581395349,36,7,4,39,88,5,2,10,78
sun_bkxtppavkyxkskcy.png,49,0.673469387755102,0.6938775510204082,0.02040816326530612,34,15,1,48,105,5,6,12,93
sun_bkyldjfasnhjhide.png,42,0.7142857142857142,0.7619047619047619,0.047619047619047616,32,10,2,40,98,11,3,5,93
sun_bkzkcnjanxvmpdzi.png,49,0.7755102040816326,0.8775510204081632,0.10204081632653061,43,6,5,44,101,9,1,23,78
sun_blaxllyywlqrpqua.png,47,0.8085106382978723,0.8936170212765957,0.0851063829787234,42,5,4,43,114,7,2,25,89
sun_blbbzwvxjszalhpl.png,42,0.5476190476190477,0.8333333333333334,0.2857142857142857,35,7,12,30,106,6,3,21,85
sun_blblulildyncrsov.png,44,0.6136363636363636,0.7045454545454546,0.09090909090909091,31,13,4,40,86,10,3,7,79
sun_blcfplilhaeruswa.png,46,0.6521739130434783,0.717391304347826,0.06521739130434782,33,13,3,43,86,5,2,6,80
sun_blcjyozpqdyuwjkh.png,50,0.7,0.72,0.02,36,14,1,49,102,4,4,6,96
sun_bldpbdihrcxgnuco.png,51,0.43137254901960786,0.47058823529411764,0.0392156862745098,24,27,2,49,104,2,12,6,98
sun_bldstoyxjdrkcnva.png,54,0.5185185185185186,0.5555555555555556,0.037037037037037035,30,24,2,52,111,8,10,7,104
sun_bleairnlmvyabutd.png,40,0.5249999999999999,0.575,0.05,23,17,2,38,95,8,6,5,90
sun_blfirrlwwifwelee.png,39,0.6923076923076923,0.8205128205128205,0.1282051282051282,32,7,5,34,102,11,2,8,94
sun_blfnersifcmzaxqr.png,45,0.5555555555555556,0.7777777777777778,0.2222222222222222,35,10,10,35,96,5,3,25,71
sun_blgesddskghneaan.png,49,0.5714285714285715,0.6326530612244898,0.061224489795918366,31,18,3,46,105,9,3,3,102
sun_blifcjesampnahex.png,45,0.6666666666666667,0.8,0.13333333333333333,36,9,6,39,87,9,3,7,80
sun_bliqdzegdmaqgkby.png,40,0.6,0.7,0.1,28,12,4,36,109,11,5,18,91
sun_bljveksourcslxbh.png,45,0.5777777777777777,0.6666666666666666,0.08888888888888889,30,15,4,41,105,6,5,6,99
sun_blkcxqbxsvkojcdw.png,58,0.4827586206896552,0.5689655172413793,0.08620689655172414,33,25,5,53,108,13,5,3,105
sun_blkotnnxgwppowib.png,56,0.5714285714285714,0.7142857142857143,0.14285714285714285,40,16,8,48,100,9,7,11,89
sun_bllfgnmntfhurexa.png,55,0.7272727272727272,0.8363636363636363,0.10909090909090909,46,9,6,49,100,10,0,14,86
sun_bllkndonlhkoobtd.png,44,0.6363636363636364,0.75,0.11363636363636363,33,11,5,39,88,4,5,10,78
sun_blmqhexytbgvxtfc.png,46,0.6956521739130436,0.7608695652173914,0.06521739130434782,35,11,3,43,111,12,1,9,102
sun_blnookkatnsqgson.png,38,0.7368421052631579,0.9210526315789473,0.18421052631578946,35,3,7,31,93,10,2,4,89
sun_bloeoiozwjjsiamp.png,41,0.6341463414634146,0.8536585365853658,0.21951219512195122,35,6,9,32,95,11,5,20,75
sun_blofpubzqzwbliew.png,25,0.6000000000000001,0.68,0.08,17,8,2,23,109,7,6,19,90
sun_bloqozmrdexaeycf.png,50,0.72,0.84,0.12,42,8,6,44,115,10,7,13,102
sun_blrdlpwdywvqegru.png,59,0.7627118644067796,0.8813559322033898,0.11864406779661017,52,7,7,52,119,19,2,12,107
sun_blrezysmfhmmxuic.png,52,0.5192307692307693,0.6153846153846154,0.09615384615384616,32,20,5,47,86,8,8,6,80
sun_blrtnkglaaizjezx.png,35,0.7714285714285714,0.8571428571428571,0.08571428571428572,30,5,3,32,96,13,2,9,87
sun_blrwitwahfvzqpxs.png,48,0.75,0.9166666666666666,0.16666666666666666,44,4,8,40,95,13,0,16,79
sun_blsbpqjmkatjrdcb.png,42,0.5714285714285714,0.6666666666666666,0.09523809523809523,28,14,4,38,88,9,4,6,82
sun_blubgafnjndrjqiv.png,44,0.6363636363636364,0.6818181818181818,0.045454545454545456,30,14,2,42,109,10,2,11,98
sun_bluykudrvxrobshz.png,47,0.851063829787234,0.8723404255319149,0.02127659574468085,41,6,1,46,106,9,3,4,102
sun_blvieidqiaxgwfjr.png,48,0.625,0.75,0.125,36,12,6,42,102,13,1,8,94
sun_blxpgrolcsoyffdu.png,37,0.7027027027027027,0.8108108108108109,0.10810810810810811,30,7,4,33,88,10,1,12,76
sun_blxvkigunxozwgcz.png,46,0.4565217391304348,0.4782608695652174,0.021739130434782608,22,24,1,45,99,10,8,6,93
sun_blzornbiiofnxflm.png,48,0.8125,0.8541666666666666,0.041666666666666664,41,7,2,46,116,11,3,4,112
sun_bmaeyuivtpgiakzk.png,52,0.6730769230769231,0.7692307692307693,0.09615384615384616,40,12,5,47,89,10,1,20,69
sun_bmaiocftdtvnzgap.png,42,0.5238095238095238,0.7142857142857143,0.19047619047619047,30,12,8,34,77,5,5,8,69
sun_bmbbtroabdvhvlhf.png,55,0.5272727272727273,0.6545454545454545,0.12727272727272726,36,19,7,48,112,8,8,17,95
sun_bmdatjlblfopdipj.png,46,0.7173913043478262,0.8043478260869565,0.08695652173913043,37,9,4,42,113,9,7,4,109
sun_bmetmfewukxqlfbm.png,36,0.6666666666666667,0.8611111111111112,0.19444444444444445,31,5,7,29,110,13,6,19,91
sun_bmgimpwmbkfljnzk.png,48,0.7291666666666667,0.7708333333333334,0.041666666666666664,37,11,2,46,109,12,2,8,101
sun_bmgthuhdvypqjycb.png,47,0.5319148936170213,0.6595744680851063,0.1276595744680851,31,16,6,41,102,8,3,12,90
sun_bmjrnjqdommywtqo.png,43,0.813953488372093,0.9302325581395349,0.11627906976744186,40,3,5,38,123,9,3,16,107
sun_bmjtplixqemghubb.png,42,0.7142857142857143,0.8333333333333334,0.11904761904761904,35,7,5,37,108,8,7,4,104
sun_bmkabysemdexzaoj.png,52,0.28846153846153844,0.4230769230769231,0.1346153846153846,22,30,7,45,103,8,9,8,95
sun_bmlffyuzrsseefcy.png,43,0.6511627906976745,0.813953488372093,0.16279069767441862,35,8,7,36,106,14,8,29,77
sun_bmlunrvboqhtbmah.png,47,0.8297872340425532,0.9361702127659575,0.10638297872340426,44,3,5,42,111,15,0,10,101
sun_bmmkribmsaepaoqw.png,53,0.8113207547169812,0.8301886792452831,0.018867924528301886,44,9,1,52,96,18,2,13,83
sun_bmmspyttzyqpliiw.png,37,0.9459459459459459,0.9459459459459459,0.0,35,2,0,37,100,7,1,2,98
sun_bmoukevlstbelajx.png,47,0.7659574468085106,0.8085106382978723,0.0425531914893617,38,9,2,45,106,9,3,12,94
sun_bmqesbzvivvecddd.png,44,0.6136363636363635,0.6818181818181818,0.06818181818181818,30,14,3,41,122,16,4,12,110
sun_bmranzdqyutgllss.png,46,0.5434782608695652,0.6304347826086957,0.08695652173913043,29,17,4,42,106,3,3,8,98
sun_bmrkgdjghbpzhmlf.png,50,0.76,0.78,0.02,39,11,1,49,103,12,4,4,99
sun_bmrlfhzviyswcgmx.png,57,0.6491228070175439,0.7368421052631579,0.08771929824561403,42,15,5,52,103,10,6,8,95
sun_bmsvytlzdpjcidiv.png,51,0.7450980392156863,0.8235294117647058,0.0784313725490196,42,9,4,47,119,14,7,13,106
sun_bmuyyodzspuocgmb.png,51,0.7254901960784315,0.803921568627451,0.0784313725490196,41,10,4,47,115,4,2,9,106
sun_bmvobhbjdjfhtuzw.png,49,0.3877551020408163,0.5714285714285714,0.1836734693877551,28,21,9,40,104,9,8,8,96
sun_bmvsxhyoiefzkwoa.png,49,0.8367346938775511,0.8979591836734694,0.061224489795918366,44,5,3,46,103,10,2,8,95
sun_bmvtdxqesnodhhcn.png,44,0.7727272727272727,0.8409090909090909,0.06818181818181818,37,7,3,41,97,9,6,1,96
sun_bmxqakxclskcffrf.png,40,0.725,0.85,0.125,34,6,5,35,101,6,7,8,93
sun_bnbblulyamtvhofo.png,47,0.6170212765957447,0.7659574468085106,0.14893617021276595,36,11,7,40,119,9,4,19,100
sun_bndbkdzixliunlbz.png,49,0.5102040816326531,0.6938775510204082,0.1836734693877551,34,15,9,40,95,7,5,12,83
sun_bndpjbxcteiqcecd.png,36,0.5555555555555556,0.5833333333333334,0.027777777777777776,21,15,1,35,97,5,9,5,92
sun_bnelubfctlhwpinb.png,48,0.4375,0.5625,0.125,27,21,6,42,114,10,5,9,105
sun_bngitnxojowbtryw.png,47,0.7234042553191489,0.8085106382978723,0.0851063829787234,38,9,4,43,99,12,4,8,91
sun_bngwdentuaxkrbmf.png,48,0.8958333333333333,0.9166666666666666,0.020833333333333332,44,4,1,47,101,10,4,7,94
sun_bnjjvqfscbfxhhgw.png,48,0.8541666666666666,0.9166666666666666,0.0625,44,4,3,45,105,10,2,8,97
sun_bnjvafvsrofucsme.png,45,0.6666666666666666,0.8222222222222222,0.15555555555555556,37,8,7,38,92,18,3,2,90
sun_bnlgipfpzrbgnrfz.png,40,0.6000000000000001,0.775,0.175,31,9,7,33,96,9,4,16,80
sun_bnlzfdydpikkvobh.png,53,0.8490566037735849,0.9622641509433962,0.11320754716981132,51,2,6,47,99,11,2,13,86
sun_bnmbrujyjvxqkdtt.png,48,0.5625,0.6666666666666666,0.10416666666666667,32,16,5,43,95,8,5,14,81
sun_bnmikgydcgeanztc.png,40,0.825,0.975,0.15,39,1,6,34,92,10,0,26,66
sun_bnnmdrrmclgnywlw.png,47,0.46808510638297873,0.6382978723404256,0.1702127659574468,30,17,8,39,100,6,5,16,84
sun_bnnqlkprusmejywg.png,38,0.631578947368421,0.7894736842105263,0.15789473684210525,30,8,6,32,109,7,4,25,84
sun_bnozuvoxisdxvifu.png,46,0.34782608695652173,0.43478260869565216,0.08695652173913043,20,26,4,42,98,6,11,7,91
sun_bnpcilxaupgextqs.png,42,0.5,0.7380952380952381,0.23809523809523808,31,11,10,32,112,13,7,18,94
sun_bnpqmnsbpbqyylfo.png,50,0.58,0.82,0.24,41,9,12,38,100,12,1,14,86
sun_bnqhucvwgqdwhwnu.png,42,0.7142857142857142,0.7619047619047619,0.047619047619047616,32,10,2,40,110,18,4,6,104
sun_bnrgyjbzriibwhvo.png,44,0.7272727272727273,0.7954545454545454,0.06818181818181818,35,9,3,41,82,9,6,5,77
sun_bnrmrzbaqlfkvsbd.png,53,0.6226415094339623,0.8113207547169812,0.18867924528301888,43,10,10,43,91,12,4,12,79
sun_bnsrnpeqactqrcuy.png,36,0.8333333333333334,0.8333333333333334,0.0,30,6,0,36,98,13,2,4,94
sun_bnszcgxfcpqjvfny.png,47,0.4893617021276596,0.7021276595744681,0.2127659574468085,33,14,10,37,93,6,6,12,81
sun_bntdhpqeejymbasj.png,42,0.5952380952380952,0.7142857142857143,0.11904761904761904,30,12,5,37,118,12,7,7,111
sun_bntdovmdmtgxlycb.png,33,0.7272727272727273,0.7878787878787878,0.06060606060606061,26,7,2,31,98,7,7,3,95
sun_bntjszlysoycfuda.png,43,0.6046511627906976,0.7441860465116279,0.13953488372093023,32,11,6,37,102,11,4,9,93
sun_bntuburqooevfkwf.png,46,0.782608695652174,0.8478260869565217,0.06521739130434782,39,7,3,43,92,14,2,5,87
sun_bnudgebylmrjsrya.png,42,0.6428571428571429,0.7142857142857143,0.07142857142857142,30,12,3,39,102,8,2,6,96
sun_bnuklyhtxhqbatot.png,52,0.6730769230769231,0.75,0.07692307692307693,39,13,4,48,99,13,3,13,86
sun_bnuocfbudybnkgtg.png,38,0.5,0.5526315789473685,0.05263157894736842,21,17,2,36,90,6,2,4,86
sun_bnupdlyoatjwnbzt.png,42,0.47619047619047616,0.47619047619047616,0.0,20,22,0,42,113,7,7,10,103
sun_bnuwzkdvendqyydk.png,49,0.7959183673469388,0.8367346938775511,0.04081632653061224,41,8,2,47,79,9,4,2,77
sun_bnvcevtzvzsnzmqf.png,41,0.5609756097560976,0.8536585365853658,0.2926829268292683,35,6,12,29,106,6,5,15,91
sun_bnvfgjkgdenrqzuv.png,42,0.5714285714285715,0.6428571428571429,0.07142857142857142,27,15,3,39,105,9,2,19,86
sun_bnvktkxjwtcripcc.png,40,0.775,0.85,0.075,34,6,3,37,105,10,1,9,96
sun_bnwmrfvcewsqyvqh.png,35,0.6571428571428573,0.8,0.14285714285714285,28,7,5,30,94,11,3,22,72
sun_bnydyehhrwdlmjlc.png,45,0.6666666666666666,0.7555555555555555,0.08888888888888889,34,11,4,41,124,11,2,11,113
sun_bnykdtkwvuqkpbaw.png,40,0.42500000000000004,0.55,0.125,22,18,5,35,119,12,6,20,99
sun_bnzcizmmlzirjubc.png,57,0.4385964912280702,0.543859649122807,0.10526315789473684,31,26,6,51,92,8,5,8,84
sun_bnznrolvclezvpfc.png,50,0.64,0.76,0.12,38,12,6,44,103,14,3,11,92
sun_boamvthjxjuzqxmt.png,33,0.6060606060606061,0.8484848484848485,0.24242424242424243,28,5,8,25,121,18,2,18,103
sun_bobpholdjtxszdqk.png,38,0.8157894736842106,0.868421052631579,0.05263157894736842,33,5,2,36,96,15,2,4,92
sun_bobpteqkygybpjee.png,45,0.7777777777777778,0.9111111111111111,0.13333333333333333,41,4,6,39,97,4,3,12,85
sun_bodxcqeayiousjwi.png,43,0.627906976744186,0.813953488372093,0.18604651162790697,35,8,8,35,87,7,0,32,55
sun_bofkzhddisigfdwb.png,55,0.7636363636363637,0.9272727272727272,0.16363636363636364,51,4,9,46,97,10,4,7,90
sun_bogubscuoanxvspd.png,39,0.641025641025641,0.6666666666666666,0.02564102564102564,26,13,1,38,105,10,5,7,98
sun_bogybasqeljvmuuy.png,58,0.5172413793103449,0.6896551724137931,0.1724137931034483,40,18,10,48,93,11,1,8,85
sun_bohzkwkaikjgfcvh.png,52,0.8653846153846153,0.8846153846153846,0.019230769230769232,46,6,1,51,88,4,2,4,84
sun_boirpwdzglpdlmkg.png,53,0.7547169811320755,0.8490566037735849,0.09433962264150944,45,8,5,48,102,12,1,11,91
sun_bojbxgadgjyajeaw.png,57,0.5789473684210527,0.6842105263157895,0.10526315789473684,39,18,6,51,99,3,4,13,86
sun_bojegsnaoubwaamt.png,40,0.625,0.7,0.075,28,12,3,37,100,7,9,12,88
sun_bojwcobekwxsubcq.png,46,0.6304347826086957,0.6739130434782609,0.043478260869565216,31,15,2,44,129,11,3,12,117
sun_bojywhwufsckphfa.png,41,0.5853658536585366,0.7073170731707317,0.12195121951219512,29,12,5,36,87,9,9,6,81
sun_bokdujqfvounvosu.png,39,0.5897435897435898,0.7692307692307693,0.1794871794871795,30,9,7,32,95,10,1,20,75
sun_bolmagkqumbypozc.png,55,0.8727272727272727,0.9636363636363636,0.09090909090909091,53,2,5,50,91,14,1,6,85
sun_bolpiwiitgdpdnog.png,52,0.7115384615384615,0.8846153846153846,0.17307692307692307,46,6,9,43,90,7,3,12,78
sun_bolzsneowwuahrnf.png,46,0.47826086956521746,0.5869565217391305,0.10869565217391304,27,19,5,41,84,5,6,3,81
sun_bonswpzzkiaqhcvn.png,44,0.8409090909090909,0.8863636363636364,0.045454545454545456,39,5,2,42,112,7,2,5,107
sun_boologreitujkgzl.png,44,0.6590909090909091,0.8636363636363636,0.20454545454545456,38,6,9,35,100,9,0,16,84
sun_boopkrddeylhyrra.png,56,0.46428571428571425,0.6071428571428571,0.14285714285714285,34,22,8,48,107,8,5,9,98
sun_booxopykmiqnsqbq.png,49,0.673469387755102,0.7551020408163265,0.08163265306122448,37,12,4,45,108,10,5,15,93
sun_boqesjqpnyhhfcge.png,39,0.7435897435897436,0.8205128205128205,0.07692307692307693,32,7,3,36,102,8,6,5,97
sun_boqjoybowlbmweje.png,45,0.8444444444444444,0.8888888888888888,0.044444444444444446,40,5,2,43,99,7,3,6,93
sun_boqmdvdcpxqaepno.png,38,0.6578947368421052,0.7368421052631579,0.07894736842105263,28,10,3,35,98,6,2,7,91
sun_bouefbengbwzxyjm.png,48,0.5625,0.75,0.1875,36,12,9,39,109,8,2,21,88
sun_boufgidjpgeuekbq.png,42,0.6666666666666666,0.7619047619047619,0.09523809523809523,32,10,4,38,86,6,2,12,74
sun_bousoedboylwfefu.png,52,0.6730769230769231,0.75,0.07692307692307693,39,13,4,48,95,6,6,9,86
sun_bouwelaruvflqplc.png,40,0.39999999999999997,0.6,0.2,24,16,8,32,87,7,5,15,72
sun_bovlfxshtexnypao.png,51,0.6470588235294118,0.7450980392156863,0.09803921568627451,38,13,5,46,118,11,4,4,114
sun_bowcanmkzrxjcsyb.png,33,0.6363636363636365,0.696969696969697,0.06060606060606061,23,10,2,31,108,19,7,10,98
sun_boxalsqhtohlxoto.png,37,0.8108108108108109,0.918918918918919,0.10810810810810811,34,3,4,33,111,16,4,21,90
sun_boxccvvopkkhlowy.png,58,0.7413793103448275,0.8620689655172413,0.1206896551724138,50,8,7,51,76,3,4,9,67
sun_boxowlegplpgysrk.png,47,0.6170212765957447,0.7872340425531915,0.1702127659574468,37,10,8,39,122,14,4,13,109
sun_boymumhxfxpvyfle.png,39,0.5897435897435898,0.6410256410256411,0.05128205128205128,25,14,2,37,101,4,6,4,97
sun_boyqpbfjtnsmufyr.png,44,0.45454545454545453,0.5,0.045454545454545456,22,22,2,42,98,3,7,5,93
sun_boyrvlmqnirmdrme.png,41,0.7317073170731707,0.9024390243902439,0.17073170731707318,37,4,7,34,116,10,1,22,94
sun_bozcdkmsntflkcem.png,48,0.6666666666666667,0.7083333333333334,0.041666666666666664,34,14,2,46,94,7,3,8,86
sun_bpaicvuevfqvwsqc.png,37,0.3783783783783784,0.4864864864864865,0.10810810810810811,18,19,4,33,104,7,8,8,96
sun_bpbrotispvainqiu.png,43,0.7441860465116279,0.813953488372093,0.06976744186046512,35,8,3,40,91,7,1,11,80
sun_bpcalwtxdsdvsrvp.png,48,0.4375,0.5833333333333334,0.14583333333333334,28,20,7,41,94,7,5,4,90
sun_bpcftshsjyxvpvlf.png,49,0.6326530612244897,0.673469387755102,0.04081632653061224,33,16,2,47,102,10,6,4,98
sun_bpcilqrxoivwvdne.png,43,0.6976744186046512,0.813953488372093,0.11627906976744186,35,8,5,38,95,15,5,4,91
sun_bpfkhnkxywdodcic.png,36,0.6944444444444444,0.7777777777777778,0.08333333333333333,28,8,3,33,95,8,3,10,85
sun_bpglwcsgrpbfxkgo.png,45,0.6,0.7555555555555555,0.15555555555555556,34,11,7,38,82,5,1,11,71
sun_bpgrfkfrswdxbkxh.png,45,0.5777777777777777,0.6666666666666666,0.08888888888888889,30,15,4,41,98,7,2,6,92
sun_bphiwtwduthgcxgn.png,48,0.5625,0.6875,0.125,33,15,6,42,91,7,4,8,83
sun_bphstrqrckkxaifl.png,42,0.8333333333333334,0.9047619047619048,0.07142857142857142,38,4,3,39,100,16,3,6,94
sun_bpjaugthurqqesou.png,51,0.7058823529411764,0.8823529411764706,0.17647058823529413,45,6,9,42,113,10,6,17,96
sun_bpjcjsyixxowjmdl.png,35,0.6857142857142857,0.7714285714285715,0.08571428571428572,27,8,3,32,96,9,0,5,91
sun_bplqsmzcsrlgjrqw.png,48,0.6041666666666666,0.7291666666666666,0.125,35,13,6,42,86,8,5,8,78
sun_bpoqpwlmchbnojdo.png,50,0.45999999999999996,0.72,0.26,36,14,13,37,104,7,5,20,84
sun_bpqkwsampdacpvwv.png,37,0.6216216216216216,0.6756756756756757,0.05405405405405406,25,12,2,35,127,12,10,7,120
sun_bpqornjxtulmihwe.png,40,0.6,0.7,0.1,28,12,4,36,90,4,5,18,72
sun_bprbbpnbntrcpnot.png,33,0.5757575757575758,0.696969696969697,0.12121212121212122,23,10,4,29,99,9,3,9,90
sun_bprocfhohvyevfet.png,50,0.54,0.54,0.0,27,23,0,50,96,8,10,9,87
sun_bpropflclmvrtdjr.png,51,0.607843137254902,1.0,0.39215686274509803,51,0,20,31,85,5,2,32,53
sun_bpskxgpcrpflumtc.png,45,0.8,0.9111111111111111,0.1111111111111111,41,4,5,40,96,10,1,8,88
sun_bpsrgnaguxblvsvl.png,62,0.6451612903225806,0.8064516129032258,0.16129032258064516,50,12,10,52,106,7,1,10,96
sun_bpudusvelewkvdug.png,54,0.7777777777777777,0.8888888888888888,0.1111111111111111,48,6,6,48,97,13,1,5,92
sun_bpvbjnjzijnakkkk.png,46,0.9130434782608696,0.9347826086956522,0.021739130434782608,43,3,1,45,93,7,0,6,87
sun_bpvgiuarfetinfdj.png,53,0.8113207547169812,0.8490566037735849,0.03773584905660377,45,8,2,51,110,10,2,8,102
sun_bpvpmstgdqmdjoqh.png,46,0.6956521739130436,0.7608695652173914,0.06521739130434782,35,11,3,43,88,8,4,8,80
sun_bpxxnnqefzqoptxd.png,50,0.36,0.46,0.1,23,27,5,45,115,6,4,6,109
sun_bpyuppjnwkmubrdy.png,40,0.6,0.6,0.0,24,16,0,40,106,7,9,6,100
sun_bpzrvalzazjnyiiz.png,38,0.3684210526315789,0.42105263157894735,0.05263157894736842,16,22,2,36,86,7,3,5,81
sun_bqakgkpsafzbnpyc.png,44,0.5909090909090909,0.75,0.1590909090909091,33,11,7,37,110,14,4,21,89
sun_bqbaerqorxryhiqy.png,58,0.689655172413793,0.7586206896551724,0.06896551724137931,44,14,4,54,74,6,2,6,68
sun_bqbhwtpqtgfhukck.png,39,0.6666666666666666,0.717948717948718,0.05128205128205128,28,11,2,37,91,3,7,3,88
sun_bqbrqaxchjzarsjp.png,38,0.7368421052631579,0.8421052631578947,0.10526315789473684,32,6,4,34,91,7,2,9,82
sun_bqbsbqnxivbgilpp.png,47,0.5957446808510638,0.6595744680851063,0.06382978723404255,31,16,3,44,97,8,2,12,85
sun_bqdcurfhxbxgclsh.png,40,0.7999999999999999,0.825,0.025,33,7,1,39,125,16,5,12,113
sun_bqdordpczpksbhnv.png,47,0.723404255319149,0.8723404255319149,0.14893617021276595,41,6,7,40,99,10,3,14,85
sun_bqeluydlsiyvdvzx.png,41,0.6585365853658537,0.6585365853658537,0.0,27,14,0,41,83,6,6,5,78
sun_bqfhmkfaidjdjruy.png,52,0.5576923076923077,0.6730769230769231,0.11538461538461539,35,17,6,46,101,7,4,8,93
sun_bqgdiisknsocgxsn.png,31,0.6774193548387096,0.8064516129032258,0.12903225806451613,25,6,4,27,105,11,8,21,84
sun_bqgrlxjqpobcqhuw.png,40,0.575,0.7,0.125,28,12,5,35,105,10,6,9,96
sun_bqicaqmboiaqokue.png,43,0.627906976744186,0.6511627906976745,0.023255813953488372,28,15,1,42,110,5,3,15,95
sun_bqimehagaahznqkn.png,45,0.8,0.8666666666666667,0.06666666666666667,39,6,3,42,101,11,4,4,97
sun_bqingdqhcymxzrsz.png,43,0.5581395348837209,0.9302325581395349,0.37209302325581395,40,3,16,27,79,8,3,26,53
sun_bqipunssaycegvhy.png,46,0.5434782608695652,0.6956521739130435,0.15217391304347827,32,14,7,39,112,4,0,16,96
sun_bqivxmjqmyeagxxl.png,39,0.6923076923076923,0.8461538461538461,0.15384615384615385,33,6,6,33,104,10,2,9,95
sun_bqjcfcrpbgkomkmr.png,42,0.4523809523809524,0.5952380952380952,0.14285714285714285,25,17,6,36,107,13,5,4,103
sun_bqjuovyovmqpjdxv.png,40,0.525,0.6,0.075,24,16,3,37,94,5,6,7,87
sun_bqkruzxpoosoltth.png,45,0.8222222222222222,0.8888888888888888,0.06666666666666667,40,5,3,42,96,11,1,17,79
sun_bqlayciimkuzivnw.png,42,0.6666666666666666,0.7619047619047619,0.09523809523809523,32,10,4,38,92,6,4,16,76
sun_bqlqigrtvsekvebg.png,55,0.6545454545454545,0.8181818181818182,0.16363636363636364,45,10,9,46,99,3,3,10,89
sun_bqmfdqurmypfritz.png,43,0.6046511627906976,0.7906976744186046,0.18604651162790697,34,9,8,35,109,5,4,18,91
sun_bqmvtssfxojuegby.png,58,0.7758620689655172,0.8275862068965517,0.05172413793103448,48,10,3,55,112,13,3,8,104
sun_bqnzqakjxvserfkt.png,35,0.7428571428571429,0.8857142857142857,0.14285714285714285,31,4,5,30,113,11,5,15,98
sun_bqpannxepavphgcn.png,44,0.6590909090909092,0.7272727272727273,0.06818181818181818,32,12,3,41,95,8,3,13,82
sun_bqpyqljaflidcauh.png,43,0.37209302325581395,0.4418604651162791,0.06976744186046512,19,24,3,40,121,8,9,9,112
sun_bqqpfbusjnjhwayo.png,43,0.627906976744186,0.8372093023255814,0.20930232558139536,36,7,9,34,99,18,0,19,80
sun_bqqvtwsncvxqufue.png,51,0.7450980392156863,0.9019607843137255,0.1568627450980392,46,5,8,43,94,8,3,27,67
sun_bqrjptqnidnnvadx.png,29,0.6896551724137931,0.7931034482758621,0.10344827586206896,23,6,3,26,95,5,0,8,87
sun_bqtcyewednaaywqs.png,46,0.7173913043478262,0.782608695652174,0.06521739130434782,36,10,3,43,101,8,0,13,88
sun_bqugyajmoxytakeb.png,47,0.723404255319149,0.851063829787234,0.1276595744680851,40,7,6,41,97,11,3,17,80
sun_bqupknowrmgvsacn.png,42,0.7857142857142858,0.8333333333333334,0.047619047619047616,35,7,2,40,99,8,2,4,95
sun_bquqmlkathlolyfo.png,54,0.7592592592592592,0.8148148148148148,0.05555555555555555,44,10,3,51,94,9,0,12,82
sun_bqurxlaxwqxzmsmk.png,52,0.6923076923076923,0.7307692307692307,0.038461538461538464,38,14,2,50,119,9,6,7,112
sun_bqwbawqujraqyqrh.png,35,0.7999999999999999,0.9142857142857143,0.11428571428571428,32,3,4,31,86,4,1,9,77
sun_bqyohbxfirseiccm.png,49,0.4081632653061224,0.6530612244897959,0.24489795918367346,32,17,12,37,95,11,3,25,70
sun_bqztysnfffcbvhda.png,37,0.37837837837837834,0.7837837837837838,0.40540540540540543,29,8,15,22,103,6,5,28,75
sun_brahopjmnaqwwmmx.png,54,0.7407407407407407,0.7777777777777778,0.037037037037037035,42,12,2,52,100,14,1,6,94
sun_brawbagnjqkorhjs.png,45,0.42222222222222217,0.5777777777777777,0.15555555555555556,26,19,7,38,100,7,10,10,90
sun_brbyihgdqtqdcnxc.png,50,0.6200000000000001,0.68,0.06,34,16,3,47,105,5,6,7,98
sun_brcdipdfrotfpeyn.png,58,0.7068965517241379,0.8103448275862069,0.10344827586206896,47,11,6,52,100,7,8,9,91
sun_brchwspeeunoiiii.png,52,0.7115384615384616,0.8653846153846154,0.15384615384615385,45,7,8,44,93,14,1,12,81
sun_brcnweauxwwhfmme.png,37,0.4864864864864865,0.8108108108108109,0.32432432432432434,30,7,12,25,112,13,1,31,81
sun_brdftbxacesbcdgl.png,40,0.55,0.85,0.3,34,6,12,28,87,7,4,12,75
sun_brdgfyrfccwrgnqr.png,40,0.775,0.85,0.075,34,6,3,37,110,10,5,10,100
sun_breoaiizcipfnqab.png,43,0.5348837209302326,0.627906976744186,0.09302325581395349,27,16,4,39,90,8,5,14,76
sun_breshxktngoefxit.png,47,0.574468085106383,0.723404255319149,0.14893617021276595,34,13,7,40,97,10,4,9,88
sun_brfjqwudjlgxmdwb.png,30,0.6333333333333333,0.9,0.26666666666666666,27,3,8,22,94,11,3,20,74
sun_brgdktomgzvbnpdv.png,48,0.22916666666666666,0.3958333333333333,0.16666666666666666,19,29,8,40,105,6,7,14,91
sun_brghwxnerwfqubwo.png,33,0.8787878787878788,0.9696969696969697,0.09090909090909091,32,1,3,30,92,6,2,9,83
sun_brgznhfgoszqylww.png,42,0.5714285714285714,0.6904761904761905,0.11904761904761904,29,13,5,37,107,8,6,16,91
sun_brifkzatyyuxoztn.png,42,0.7142857142857143,0.7142857142857143,0.0,30,12,0,42,132,12,4,9,123
sun_brjavmbhmewbymqa.png,42,0.8809523809523809,0.8809523809523809,0.0,37,5,0,42,114,8,10,1,113
sun_brjbtkwrbnxdbipk.png,49,0.653061224489796,0.7959183673469388,0.14285714285714285,39,10,7,42,98,3,3,9,89
sun_brjybwuecwwcltuk.png,43,0.627906976744186,0.7674418604651163,0.13953488372093023,33,10,6,37,107,13,3,16,91
sun_brkabaozbwvitgxf.png,49,0.7551020408163266,0.8367346938775511,0.08163265306122448,41,8,4,45,96,8,6,9,87
sun_brmvtualioiyddad.png,47,0.8297872340425532,0.9148936170212766,0.0851063829787234,43,4,4,43,83,10,1,12,71
sun_brnytfxptqsjftkl.png,43,0.6744186046511629,0.8372093023255814,0.16279069767441862,36,7,7,36,108,14,0,13,95
sun_browhtghljbzuemv.png,50,0.72,0.86,0.14,43,7,7,43,108,7,2,33,75
sun_brpdgnvnpubmjasg.png,29,0.7241379310344828,0.7586206896551724,0.034482758620689655,22,7,1,28,117,16,5,3,114
sun_brpoxjopmnslgnjv.png,45,0.6666666666666666,0.7333333333333333,0.06666666666666667,33,12,3,42,106,11,5,10,96
sun_brpvsvdggkcwkxdy.png,44,0.8636363636363636,0.8863636363636364,0.022727272727272728,39,5,1,43,114,15,1,1,113
sun_brpwztmgmcdwbczi.png,47,0.6595744680851063,0.7659574468085106,0.10638297872340426,36,11,5,42,96,7,5,11,85
sun_brqhdtmjbvekbgyb.png,46,0.5217391304347827,0.782608695652174,0.2608695652173913,36,10,12,34,97,9,2,16,81
sun_brrmbxqlnhucmqmb.png,41,0.6097560975609756,0.7560975609756098,0.14634146341463414,31,10,6,35,94,10,3,10,84
sun_brrulzkdcicdbdll.png,46,0.6956521739130435,0.782608695652174,0.08695652173913043,36,10,4,42,101,5,3,8,93
sun_brtoxzcjsplvrhnz.png,36,0.638888888888889,0.8611111111111112,0.2222222222222222,31,5,8,28,109,15,2,11,98
sun_brvxpggcpkvbikem.png,45,0.5777777777777778,0.6444444444444445,0.06666666666666667,29,16,3,42,105,15,5,16,89
sun_brwcwpdohtfcqmca.png,49,0.7142857142857143,0.7959183673469388,0.08163265306122448,39,10,4,45,98,9,3,7,91
sun_brwfhwfvwprvdnsg.png,43,0.7209302325581395,0.9302325581395349,0.20930232558139536,40,3,9,34,100,14,3,19,81
sun_brzirocotnsoinpb.png,53,0.5660377358490566,0.660377358490566,0.09433962264150944,35,18,5,48,125,7,10,13,112
sun_bsaoeebxsvspudbq.png,45,0.6222222222222222,0.7555555555555555,0.13333333333333333,34,11,6,39,96,7,4,17,79
sun_bsbepnhfkllnfawy.png,48,0.5,0.625,0.125,30,18,6,42,83,8,3,8,75
sun_bsckmjlqsczsayzv.png,36,0.6111111111111112,0.8611111111111112,0.25,31,5,9,27,106,7,1,24,82
sun_bsdfqzpwwzcboiub.png,53,0.5660377358490566,0.6981132075471698,0.1320754716981132,37,16,7,46,116,6,4,10,106
sun_bsdggsnvseffqhed.png,46,0.5869565217391305,0.7608695652173914,0.17391304347826086,35,11,8,38,93,8,1,18,75
sun_bsdnohndctxdsaha.png,58,0.6206896551724138,0.7413793103448276,0.1206896551724138,43,15,7,51,106,9,1,16,90
sun_bsdssauruacsaomy.png,48,0.7708333333333334,0.8333333333333334,0.0625,40,8,3,45,104,11,3,6,98
sun_bsdwkmcsutkqylft.png,39,0.7692307692307692,0.8205128205128205,0.05128205128205128,32,7,2,37,103,6,7,19,84
sun_bsedbyqgrcdkuanp.png,54,0.7962962962962963,0.8148148148148148,0.018518518518518517,44,10,1,53,109,10,2,5,104
sun_bsejhpomauvjfnbm.png,49,0.7755102040816326,0.8571428571428571,0.08163265306122448,42,7,4,45,107,15,4,5,102
sun_bsfjquzxrikccygm.png,26,0.9230769230769231,0.9615384615384616,0.038461538461538464,25,1,1,25,110,16,2,17,93
sun_bsgmwkftttvjyvqk.png,47,0.7446808510638298,0.7659574468085106,0.02127659574468085,36,11,1,46,93,8,4,7,86
sun_bsgtylshcdilauhi.png,63,0.6825396825396826,0.746031746031746,0.06349206349206349,47,16,4,59,125,14,2,13,112
sun_bsgvhkfbcdxxihwo.png,52,0.3653846153846154,0.5,0.1346153846153846,26,26,7,45,108,4,5,13,95
sun_bshbixtyrioalvip.png,54,0.7222222222222223,0.8333333333333334,0.1111111111111111,45,9,6,48,97,15,4,5,92
sun_bshqdybzrscmozvw.png,60,0.7333333333333333,0.7833333333333333,0.05,47,13,3,57,100,7,1,8,92
sun_bsirenasjenoyhwy.png,44,0.5681818181818181,0.7954545454545454,0.22727272727272727,35,9,10,34,105,17,2,13,92
sun_bsjgpmgflloejcjh.png,40,0.725,0.825,0.1,33,7,4,36,94,13,2,3,91
sun_bsjucttvlnurweef.png,38,0.5526315789473685,0.5789473684210527,0.02631578947368421,22,16,1,37,75,6,7,3,72
sun_bskpvuntksfyssdr.png,48,0.9166666666666666,0.9375,0.020833333333333332,45,3,1,47,83,10,1,9,74
sun_bslguortidcunuxu.png,56,0.5714285714285714,0.7321428571428571,0.16071428571428573,41,15,9,47,101,4,5,15,86
sun_bsmfrekdbsboycod.png,38,0.7631578947368421,0.868421052631579,0.10526315789473684,33,5,4,34,104,7,4,14,90
sun_bsmnotyszoxrjflt.png,40,0.575,0.75,0.175,30,10,7,33,80,6,2,15,65
sun_bsmvdfnjlulewkpr.png,41,0.5853658536585366,0.7560975609756098,0.17073170731707318,31,10,7,34,95,8,5,5,90
sun_bsmvjfrmboechadw.png,54,0.7037037037037037,0.8518518518518519,0.14814814814814814,46,8,8,46,96,5,3,7,89
sun_bsnzwhhfcbkgxlvt.png,45,0.7777777777777778,0.8444444444444444,0.06666666666666667,38,7,3,42,108,9,3,3,105
sun_bsrxtixhxzmwiczh.png,54,0.42592592592592593,0.6666666666666666,0.24074074074074073,36,18,13,41,122,5,6,16,106
sun_bssiqcjaiiyqmpqg.png,44,0.75,0.7954545454545454,0.045454545454545456,35,9,2,42,121,11,3,7,114
sun_bssqujyptrjswpxb.png,42,0.5714285714285714,0.8095238095238095,0.23809523809523808,34,8,10,32,91,13,1,11,80
sun_bsthsjctocamluvy.png,43,0.6744186046511628,0.9069767441860465,0.23255813953488372,39,4,10,33,104,5,3,19,85
sun_bstlntsvhyezqgap.png,36,0.7222222222222222,0.7777777777777778,0.05555555555555555,28,8,2,34,101,7,2,14,87
sun_bsubqhpyyzaqxzkk.png,40,0.625,0.75,0.125,30,10,5,35,90,9,4,11,79
sun_bswfottgblfqiwoy.png,41,0.7317073170731707,0.8536585365853658,0.12195121951219512,35,6,5,36,92,9,3,14,78
sun_bswnzfgwxhgvfknh.png,50,0.68,0.78,0.1,39,11,5,45,107,7,7,8,99
sun_bswtasbcsdaqkhmw.png,36,0.6944444444444444,0.75,0.05555555555555555,27,9,2,34,100,6,2,6,94
sun_bswvnksjyjmepmqm.png,51,0.5882352941176471,0.7058823529411765,0.11764705882352941,36,15,6,45,90,14,2,16,74
sun_bswwxfxlteiuzimr.png,42,0.7380952380952381,0.8333333333333334,0.09523809523809523,35,7,4,38,106,12,3,7,99
sun_bsxdfqlzbzagmjkw.png,50,0.64,0.86,0.22,43,7,11,39,100,12,3,12,88
sun_bsxsmqmkhxxlkoub.png,44,0.5909090909090909,0.6363636363636364,0.045454545454545456,28,16,2,42,101,7,2,13,88
sun_bsxzjawfsmcfbxzg.png,50,0.8,0.88,0.08,44,6,4,46,119,7,1,17,102
sun_bsyikybqxwyzoimv.png,54,0.5740740740740741,0.7777777777777778,0.2037037037037037,42,12,11,43,107,8,3,21,86
sun_bsykwzjqxggxgpbz.png,40,0.775,0.85,0.075,34,6,3,37,86,12,3,11,75
sun_bsyofgkkvqjlirwa.png,44,0.5227272727272727,0.6818181818181818,0.1590909090909091,30,14,7,37,130,8,2,17,113
sun_bsyojodrkyqyrsur.png,56,0.8214285714285714,0.875,0.05357142857142857,49,7,3,53,106,8,5,12,94
sun_bsypujmiwascibiu.png,47,0.574468085106383,0.6170212765957447,0.0425531914893617,29,18,2,45,86,5,3,9,77
sun_bsyvgrofihwzufzd.png,36,0.6944444444444444,0.7777777777777778,0.08333333333333333,28,8,3,33,114,10,6,7,107
sun_bsywfkspmpaelmbu.png,43,0.6744186046511628,0.6744186046511628,0.0,29,14,0,43,113,8,4,14,99
sun_bszmynrchdzpggxy.png,52,0.7692307692307693,0.8653846153846154,0.09615384615384616,45,7,5,47,113,12,1,6,107
sun_bszngxmltdqdachn.png,49,0.8367346938775511,0.8979591836734694,0.061224489795918366,44,5,3,46,97,17,2,14,83
sun_bszziobyipoqmclc.png,53,0.6037735849056604,0.7169811320754716,0.11320754716981132,38,15,6,47,96,8,5,9,87
sun_btagmtoojkghfpnw.png,45,0.6444444444444444,0.7333333333333333,0.08888888888888889,33,12,4,41,99,10,3,15,84
sun_btbmkkckrohiamrc.png,59,0.6271186440677966,0.6779661016949152,0.05084745762711865,40,19,3,56,88,6,2,1,87
sun_btbzqxmvyzlrnccn.png,46,0.49999999999999994,0.5652173913043478,0.06521739130434782,26,20,3,43,97,6,3,5,92
sun_btdtrvihpxhletbp.png,43,0.5813953488372092,0.7209302325581395,0.13953488372093023,31,12,6,37,102,9,4,10,92
sun_bteojilkrrifycnb.png,48,0.6458333333333334,0.75,0.10416666666666667,36,12,5,43,94,10,4,7,87
sun_btgarlwiahaqzqew.png,41,0.7073170731707318,0.8048780487804879,0.0975609756097561,33,8,4,37,107,12,1,7,100
sun_btglpvmfoudszwcx.png,45,0.3111111111111111,0.4444444444444444,0.13333333333333333,20,25,6,39,108,6,7,15,93
sun_btgzbfqbpfnxxubs.png,34,0.5882352941176471,0.7352941176470589,0.14705882352941177,25,9,5,29,107,9,1,23,84
sun_btibjtzuhjtfxauq.png,37,0.6756756756756757,0.8378378378378378,0.16216216216216217,31,6,6,31,111,11,4,16,95
sun_btitjwtkbfvxxjir.png,43,0.8372093023255814,0.8837209302325582,0.046511627906976744,38,5,2,41,100,9,5,4,96
sun_btjecfnksbyiqqxf.png,40,0.825,0.825,0.0,33,7,0,40,91,8,4,0,91
sun_btjsvbkmjyurwnjc.png,42,0.8095238095238095,0.8333333333333334,0.023809523809523808,35,7,1,41,89,11,0,3,86
sun_btkfxtbtpkljhbnu.png,43,0.6744186046511628,0.6976744186046512,0.023255813953488372,30,13,1,42,116,13,3,12,104
sun_btklzmnkvpoubzow.png,53,0.7358490566037736,0.8113207547169812,0.07547169811320754,43,10,4,49,119,12,10,9,110
sun_btkmuwonupdwnime.png,56,0.7321428571428572,0.875,0.14285714285714285,49,7,8,48,108,8,3,9,99
sun_btkzuhaxqlacvmsv.png,53,0.7169811320754718,0.8679245283018868,0.1509433962264151,46,7,8,45,94,10,2,9,85
sun_btlolpsghvngqjst.png,36,0.5277777777777778,0.6944444444444444,0.16666666666666666,25,11,6,30,108,6,4,31,77
sun_btoqiicesxbtmcvw.png,48,0.5208333333333334,0.5833333333333334,0.0625,28,20,3,45,110,13,8,8,102
sun_btrcqkwfznxwmrqn.png,43,0.8372093023255813,0.9069767441860465,0.06976744186046512,39,4,3,40,94,10,3,2,92
sun_btrphgavmirlkfte.png,43,0.5348837209302326,0.627906976744186,0.09302325581395349,27,16,4,39,98,3,4,10,88
sun_btrqlraquceyylsk.png,59,0.4576271186440678,0.6271186440677966,0.1694915254237288,37,22,10,49,100,6,6,5,95
sun_btrwxphygxfdynkm.png,48,0.5416666666666666,0.6666666666666666,0.125,32,16,6,42,107,8,3,12,95
sun_btsxxuzuiatmkwbj.png,44,0.5454545454545455,0.5909090909090909,0.045454545454545456,26,18,2,42,95,10,8,5,90
sun_bttjqmpassdojuww.png,43,0.8139534883720929,0.9069767441860465,0.09302325581395349,39,4,4,39,94,8,2,11,83
sun_bttyblasuoaazfvj.png,51,0.6862745098039216,0.8235294117647058,0.13725490196078433,42,9,7,44,104,9,3,12,92
sun_btuosftthgpwpkfy.png,50,0.44000000000000006,0.56,0.12,28,22,6,44,115,7,8,19,96
sun_btwcubkisczvumaf.png,58,0.7413793103448276,0.8448275862068966,0.10344827586206896,49,9,6,52,105,11,2,5,100
sun_btwghiakehlnmvin.png,46,0.5,0.6521739130434783,0.15217391304347827,30,16,7,39,97,8,4,13,84
sun_btwixqkvzjmqkqpu.png,45,0.8,0.8666666666666667,0.06666666666666667,39,6,3,42,100,5,5,20,80
sun_btwulfxhyuvapujt.png,51,0.7058823529411764,0.8431372549019608,0.13725490196078433,43,8,7,44,113,5,3,19,94
sun_btxtuvzulbqikoiu.png,47,0.553191489361702,0.8297872340425532,0.2765957446808511,39,8,13,34,102,8,6,19,83
sun_btyjprilyfyzpbjv.png,53,0.3584905660377359,0.5094339622641509,0.1509433962264151,27,26,8,45,99,6,2,23,76
sun_btzcxxdwzcvyfcgs.png,48,0.7916666666666666,0.875,0.08333333333333333,42,6,4,44,106,11,4,6,100
sun_bubeuobcfzftxdju.png,36,0.16666666666666666,0.3611111111111111,0.19444444444444445,13,23,7,29,104,6,8,11,93
sun_bubvtxesjajenlqt.png,42,0.6428571428571429,0.8095238095238095,0.16666666666666666,34,8,7,35,101,4,1,14,87
sun_bubwbwfiadpnfnmw.png,35,0.6,0.7142857142857143,0.11428571428571428,25,10,4,31,104,4,4,16,88
sun_bucuqibiwiiblyia.png,48,0.7083333333333333,0.7916666666666666,0.08333333333333333,38,10,4,44,96,9,0,4,92
sun_budcoucpzqukkerv.png,49,0.7346938775510203,0.7755102040816326,0.04081632653061224,38,11,2,47,107,6,5,4,103
sun_budyhohqkvbawehc.png,48,0.8541666666666666,0.875,0.020833333333333332,42,6,1,47,101,11,3,5,96
sun_buegzgqysjqtiutj.png,55,0.6181818181818182,0.7818181818181819,0.16363636363636364,43,12,9,46,111,8,4,20,91
sun_bueuntcxwgxsfkis.png,40,0.6,0.7,0.1,28,12,4,36,93,6,4,8,85
sun_bufdvpbsyfromtaq.png,49,0.6530612244897959,0.8571428571428571,0.20408163265306123,42,7,10,39,114,9,5,20,94
sun_buhgqccnbhmqgupm.png,47,0.8297872340425532,0.8297872340425532,0.0,39,8,0,47,107,9,4,7,100
sun_buiunnhzmpbdnlww.png,50,0.74,0.92,0.18,46,4,9,41,96,7,3,8,88
sun_bujjhgzbrnclsyny.png,50,0.6599999999999999,0.72,0.06,36,14,3,47,114,12,4,2,112
sun_bujlksmdrnkuvdzc.png,44,0.4772727272727273,0.6363636363636364,0.1590909090909091,28,16,7,37,99,7,7,12,87
sun_bujxqgvofwfpgxqd.png,59,0.6610169491525424,0.7966101694915254,0.13559322033898305,47,12,8,51,96,10,4,7,89
sun_bukrskzdqpbyiolq.png,45,0.5333333333333333,0.6888888888888889,0.15555555555555556,31,14,7,38,92,15,2,19,73
sun_bukzaacoairfpnna.png,47,0.5957446808510638,0.6808510638297872,0.0851063829787234,32,15,4,43,122,8,9,12,110
sun_bumfytaeaaocxkhs.png,42,0.6666666666666667,0.8095238095238095,0.14285714285714285,34,8,6,36,101,11,0,10,91
sun_bumhcpftmwglagxy.png,42,0.33333333333333337,0.4523809523809524,0.11904761904761904,19,23,5,37,94,7,5,6,88
sun_bumngdexbrehyqav.png,49,0.6938775510204082,0.8163265306122449,0.12244897959183673,40,9,6,43,98,8,0,17,81
sun_bumqeaxclvrfyull.png,39,0.5384615384615384,0.8205128205128205,0.28205128205128205,32,7,11,28,104,14,5,21,83
sun_bunguvnvkdltcawb.png,48,0.6458333333333333,0.8541666666666666,0.20833333333333334,41,7,10,38,98,11,3,10,88
sun_buovyzpmpixtfczy.png,41,0.7317073170731707,0.7804878048780488,0.04878048780487805,32,9,2,39,103,10,4,9,94
sun_bupldmyiogtiznnr.png,58,0.5689655172413793,0.6724137931034483,0.10344827586206896,39,19,6,52,98,7,1,8,90
sun_bupmycspfhrplzac.png,38,0.7105263157894737,0.8157894736842105,0.10526315789473684,31,7,4,34,87,8,1,8,79
sun_bupyrxfwzawdqngx.png,49,0.4897959183673469,0.673469387755102,0.1836734693877551,33,16,9,40,116,4,6,19,97
sun_buqdwtmwwpfhixrp.png,42,0.8095238095238095,0.8571428571428571,0.047619047619047616,36,6,2,40,91,6,4,8,83
sun_burdknabghwknvon.png,54,0.7592592592592593,0.7962962962962963,0.037037037037037035,43,11,2,52,116,9,0,5,111
sun_burisorwirbwwpki.png,54,0.7222222222222222,0.8518518518518519,0.12962962962962962,46,8,7,47,114,8,4,20,94
sun_busbvoeqhhqblefb.png,42,0.7857142857142857,0.8809523809523809,0.09523809523809523,37,5,4,38,92,7,6,13,79
sun_busfyiowltnoreil.png,41,0.5609756097560976,0.7804878048780488,0.21951219512195122,32,9,9,32,101,12,4,23,78
sun_busnluvtbrlpklss.png,50,0.8200000000000001,0.88,0.06,44,6,3,47,101,10,3,7,94
sun_butejhxoikukvzjo.png,40,0.6,0.725,0.125,29,11,5,35,105,11,3,11,94
sun_butfpeucvaoubnew.png,41,0.6097560975609757,0.6829268292682927,0.07317073170731707,28,13,3,38,103,11,8,9,94
sun_buuquqynpascvpvg.png,42,0.8095238095238095,0.9047619047619048,0.09523809523809523,38,4,4,38,114,5,6,13,101
sun_buwooqnvizpilzmn.png,38,0.8947368421052632,0.9210526315789473,0.02631578947368421,35,3,1,37,109,10,2,5,104
sun_buwqnkpfickthfvb.png,42,0.7142857142857143,0.7857142857142857,0.07142857142857142,33,9,3,39,92,4,8,4,88
sun_buwvjkrxijmjfzvy.png,40,0.675,0.8,0.125,32,8,5,35,85,3,6,27,58
sun_buxbdivymrhbqkaq.png,45,0.5777777777777777,0.6666666666666666,0.08888888888888889,30,15,4,41,96,12,1,16,80
sun_buxiatdzwasoiukc.png,43,0.5813953488372092,0.7209302325581395,0.13953488372093023,31,12,6,37,107,14,2,10,97
sun_buzgnthoayjozqrw.png,58,0.7068965517241379,0.7931034482758621,0.08620689655172414,46,12,5,53,102,5,2,14,88
sun_buzlhipbfnmzpsfe.png,62,0.7741935483870969,0.8225806451612904,0.04838709677419355,51,11,3,59,113,16,4,9,104
sun_bvadugdspdiyatas.png,50,0.7,0.84,0.14,42,8,7,43,91,6,3,19,72
sun_bvcpfpykytbdwitw.png,43,0.7441860465116279,0.7674418604651163,0.023255813953488372,33,10,1,42,87,7,4,8,79
sun_bvcrxmmafcwziglu.png,41,0.6829268292682927,0.7560975609756098,0.07317073170731707,31,10,3,38,95,7,3,6,89
sun_bvdnnlpnbpboowbn.png,45,0.7999999999999999,0.8888888888888888,0.08888888888888889,40,5,4,41,112,12,1,6,106
sun_bveppixbphbzcuqe.png,38,0.736842105263158,0.868421052631579,0.13157894736842105,33,5,5,33,98,15,5,9,89
sun_bvfwdymyjizsirbv.png,42,0.7857142857142857,0.8095238095238095,0.023809523809523808,34,8,1,41,87,5,1,7,80
sun_bviohtiexxzqnpkc.png,62,0.6935483870967742,0.7580645161290323,0.06451612903225806,47,15,4,58,100,6,2,9,91
sun_bvjsynrlwrnjrcbw.png,47,0.9148936170212766,0.9148936170212766,0.0,43,4,0,47,103,10,1,3,100
sun_bvktagqrtddksxsr.png,38,0.6842105263157894,0.7368421052631579,0.05263157894736842,28,10,2,36,108,11,1,7,101
sun_bvlogtbldenrikpj.png,52,0.5384615384615385,0.7115384615384616,0.17307692307692307,37,15,9,43,81,5,5,17,64
sun_bvmhlhjpkxitfhgs.png,43,0.5581395348837209,0.6976744186046512,0.13953488372093023,30,13,6,37,86,7,4,10,76
sun_bvnzergmkvtrmieb.png,39,0.7948717948717949,0.8717948717948718,0.07692307692307693,34,5,3,36,85,12,1,4,81
sun_bvoguehakawfwbfb.png,50,0.7200000000000001,0.8,0.08,40,10,4,46,91,12,1,10,81
sun_bvokewkgutqykxga.png,40,0.575,0.725,0.15,29,11,6,34,116,9,4,9,107
sun_bvoraywiwkghtfsp.png,39,0.6153846153846154,0.8717948717948718,0.2564102564102564,34,5,10,29,115,13,2,10,105
sun_bvrmksvsrbfzaouf.png,50,0.76,0.82,0.06,41,9,3,47,105,7,0,11,94
sun_bvrzhwjmndjntmrd.png,42,0.5476190476190477,0.7142857142857143,0.16666666666666666,30,12,7,35,104,5,7,9,95
sun_bvseidzvrmvtpkpx.png,46,0.5434782608695652,0.7391304347826086,0.1956521739130435,34,12,9,37,108,15,2,27,81
sun_bvsjcozktubjuixy.png,51,0.6274509803921569,0.8235294117647058,0.19607843137254902,42,9,10,41,101,9,5,14,87
sun_bvtxhnhosgmrqdqj.png,52,0.7692307692307692,0.7884615384615384,0.019230769230769232,41,11,1,51,93,7,5,2,91
sun_bvunqtjezqgjkfqn.png,53,0.7169811320754718,0.9056603773584906,0.18867924528301888,48,5,10,43,97,7,2,18,79
sun_bvupmryxushufxid.png,34,0.6470588235294118,0.6764705882352942,0.029411764705882353,23,11,1,33,89,11,2,2,87
sun_bvvagpokirtzprco.png,47,0.6170212765957447,0.7021276595744681,0.0851063829787234,33,14,4,43,118,13,10,15,103
sun_bvvfevxgxdbnwkdo.png,46,0.5869565217391304,0.6956521739130435,0.10869565217391304,32,14,5,41,103,12,1,21,82
sun_bvvkcyfmdmoxmqdp.png,48,0.5833333333333334,0.75,0.16666666666666666,36,12,8,40,103,9,3,11,92
sun_bvxdrnduhbhimwni.png,35,0.8571428571428571,0.9428571428571428,0.08571428571428572,33,2,3,32,93,14,4,5,88
sun_bvxilcyfjgqptejo.png,36,0.7777777777777778,0.8333333333333334,0.05555555555555555,30,6,2,34,113,10,4,18,95
sun_bvzgafyecjurrnij.png,37,0.8918918918918919,0.8918918918918919,0.0,33,4,0,37,117,6,4,17,100
sun_bwaefckywxfgfnhk.png,45,0.7555555555555555,0.8222222222222222,0.06666666666666667,37,8,3,42,100,8,3,9,91
sun_bwaeoxdssornxdzd.png,43,0.5813953488372093,0.8372093023255814,0.2558139534883721,36,7,11,32,111,13,5,25,86
sun_bwcsqcbquzhtbthj.png,32,0.6875,0.875,0.1875,28,4,6,26,92,12,1,24,68
sun_bwejrnxklcvyppeg.png,57,0.7017543859649122,0.7719298245614035,0.07017543859649122,44,13,4,53,94,11,5,10,84
sun_bwetgwjnbynkijfa.png,31,0.6774193548387096,0.9032258064516129,0.22580645161290322,28,3,7,24,92,12,2,14,78
sun_bwfqgtmzjlmhlmoo.png,44,0.8181818181818181,0.9090909090909091,0.09090909090909091,40,4,4,40,99,15,3,5,94
sun_bwgbmspgoasrrxii.png,38,0.7105263157894737,0.8947368421052632,0.18421052631578946,34,4,7,31,109,9,2,16,93
sun_bwhttmaphjpnylet.png,48,0.6458333333333334,0.7708333333333334,0.125,37,11,6,42,103,12,2,3,100
sun_bwjdahsxcqepqqbm.png,45,0.4888888888888888,0.6666666666666666,0.17777777777777778,30,15,8,37,90,12,2,22,68
sun_bwkmlnhgxxpjprxc.png,43,0.8372093023255813,0.8604651162790697,0.023255813953488372,37,6,1,42,99,13,3,3,96
sun_bwlgasqbvouhxzgq.png,51,0.6862745098039216,0.6862745098039216,0.0,35,16,0,51,116,17,8,8,108
sun_bwlujsghtckhrmdf.png,50,0.64,0.68,0.04,34,16,2,48,101,5,5,10,91
sun_bwlvhidckctkncuk.png,40,0.45000000000000007,0.55,0.1,22,18,4,36,95,6,4,8,87
sun_bwlvpakobhlfvzzt.png,53,0.660377358490566,0.6981132075471698,0.03773584905660377,37,16,2,51,92,8,4,7,85
sun_bwmqfugxntaxbodl.png,47,0.6382978723404256,0.6808510638297872,0.0425531914893617,32,15,2,45,102,5,5,6,96
sun_bwojgekrkcxlkdtm.png,43,0.627906976744186,0.7906976744186046,0.16279069767441862,34,9,7,36,92,11,4,9,83
sun_bwomfrxacbvxzekp.png,53,0.5849056603773585,0.7358490566037735,0.1509433962264151,39,14,8,45,99,6,9,17,82
sun_bwpajdzkwlgtdkvo.png,37,0.8108108108108107,0.8378378378378378,0.02702702702702703,31,6,1,36,109,8,1,3,106
sun_bwpetxzxuvepywte.png,52,0.6538461538461539,0.6730769230769231,0.019230769230769232,35,17,1,51,113,7,5,3,110
sun_bwpizsfxdeddubvf.png,46,0.8260869565217391,0.8478260869565217,0.021739130434782608,39,7,1,45,93,10,2,3,90
sun_bwplgyknxhslqbdh.png,49,0.7755102040816326,0.8163265306122449,0.04081632653061224,40,9,2,47,92,8,3,8,84
sun_bwpnxojkzrehwwun.png,52,0.7307692307692307,0.8269230769230769,0.09615384615384616,43,9,5,47,95,8,3,6,89
sun_bwtcreuswmwmbqwi.png,33,0.5757575757575758,0.696969696969697,0.12121212121212122,23,10,4,29,109,12,7,16,93
sun_bwtoopqffjsqnunf.png,37,0.5675675675675675,0.6756756756756757,0.10810810810810811,25,12,4,33,97,4,5,20,77
sun_bwuazhvukqbjrekc.png,62,0.7258064516129032,0.8870967741935484,0.16129032258064516,55,7,10,52,87,8,4,5,82
sun_bwvnrjivcflkumua.png,48,0.6458333333333334,0.75,0.10416666666666667,36,12,5,43,105,8,5,15,90
sun_bwvpnrcbzlfihvvw.png,45,0.48888888888888893,0.8,0.3111111111111111,36,9,14,31,98,9,1,20,78
sun_bwvqovjbilbqaamp.png,37,0.2972972972972973,0.3783783783783784,0.08108108108108109,14,23,3,34,111,10,8,7,104
sun_bwwdydddfrmtvaaq.png,43,0.6976744186046512,0.7674418604651163,0.06976744186046512,33,10,3,40,96,6,8,6,90
sun_bwwizcnmdumxllgf.png,32,0.53125,0.65625,0.125,21,11,4,28,105,7,3,14,91
sun_bwwnazvrsvclejws.png,40,0.6,0.725,0.125,29,11,5,35,119,9,5,6,113
sun_bwwzgyontxgvudgu.png,50,0.52,0.68,0.16,34,16,8,42,100,5,4,11,89
sun_bwxabemozafvwqwo.png,45,0.6888888888888889,0.8,0.1111111111111111,36,9,5,40,119,16,8,14,105
sun_bwxprldpzjnjalgr.png,47,0.851063829787234,0.8936170212765957,0.0425531914893617,42,5,2,45,102,10,1,3,99
sun_bwyfpzvujaqhgyws.png,36,0.5,0.7222222222222222,0.2222222222222222,26,10,8,28,92,10,3,18,74
sun_bwyngirmnygwrixi.png,51,0.49019607843137253,0.5686274509803921,0.0784313725490196,29,22,4,47,109,3,5,9,100
sun_bwzrhfmernduzztq.png,41,0.8048780487804879,0.9024390243902439,0.0975609756097561,37,4,4,37,102,7,1,16,86
sun_bwzzewspvvqvbmfy.png,45,0.6666666666666667,0.7111111111111111,0.044444444444444446,32,13,2,43,116,10,3,6,110
sun_bxafshqdijjbpdaz.png,51,0.5490196078431372,0.6078431372549019,0.058823529411764705,31,20,3,48,108,10,5,10,98
sun_bxahqdyqpausckwh.png,31,0.6774193548387097,0.8387096774193549,0.16129032258064516,26,5,5,26,104,9,5,20,84
sun_bxarcshsnqsefemx.png,46,0.5217391304347826,0.8478260869565217,0.32608695652173914,39,7,15,31,108,7,4,26,82
sun_bxcatlubnlpygirb.png,51,0.607843137254902,0.803921568627451,0.19607843137254902,41,10,10,41,109,8,4,13,96
sun_bxdkavmkskboefhl.png,41,0.8536585365853658,0.8780487804878049,0.024390243902439025,36,5,1,40,111,12,1,10,101
sun_bxdujtxtqvimgcrj.png,47,0.6382978723404256,0.6808510638297872,0.0425531914893617,32,15,2,45,89,13,5,5,84
sun_bxeiylbtpjkvjdja.png,43,0.7209302325581396,0.8372093023255814,0.11627906976744186,36,7,5,38,93,6,3,10,83
sun_bxftfolankxjsbkc.png,47,0.7446808510638299,0.8723404255319149,0.1276595744680851,41,6,6,41,101,8,3,16,85
sun_bxfynncmyoeecwtc.png,40,0.8,0.875,0.075,35,5,3,37,98,9,5,6,92
sun_bxhekqasouoqymhh.png,45,0.6666666666666666,0.7555555555555555,0.08888888888888889,34,11,4,41,105,5,4,8,97
sun_bxhqkswdztfjlogx.png,50,0.56,0.62,0.06,31,19,3,47,104,3,7,4,100
sun_bxipuvzrzclhecoa.png,60,0.6833333333333333,0.8833333333333333,0.2,53,7,12,48,105,11,2,12,93
sun_bxoeshylenjctlvs.png,50,0.64,0.74,0.1,37,13,5,45,109,14,0,12,97
sun_bxohjmmbpglcqtjj.png,54,0.6851851851851851,0.8148148148148148,0.12962962962962962,44,10,7,47,95,5,7,8,87
sun_bxpjenhliiqkkazx.png,49,0.7142857142857143,0.7959183673469388,0.08163265306122448,39,10,4,45,95,11,3,2,93
sun_bxpkentrzeqdlqck.png,43,0.6744186046511629,0.7674418604651163,0.09302325581395349,33,10,4,39,89,8,1,11,78
sun_bxqepaomktavpztc.png,45,0.5777777777777777,0.7777777777777778,0.2,35,10,9,36,102,11,4,17,85
sun_bxqqxwxvafkrpfje.png,20,0.45,0.65,0.2,13,7,4,16,100,5,8,14,86
sun_bxqumcisxaaevuok.png,42,0.5238095238095237,0.5714285714285714,0.047619047619047616,24,18,2,40,117,10,2,20,97
sun_bxquoddofshilqhe.png,46,0.6956521739130436,0.7608695652173914,0.06521739130434782,35,11,3,43,88,13,5,3,85
sun_bxrjxxbavrhxhckd.png,62,0.6451612903225806,0.6774193548387096,0.03225806451612903,42,20,2,60,103,9,7,11,92
sun_bxrtobofnydzwbvh.png,40,0.4,0.5,0.1,20,20,4,36,99,13,5,7,92
sun_bxscrxtgegrmmhrn.png,41,0.6341463414634146,0.7073170731707317,0.07317073170731707,29,12,3,38,116,11,9,2,114
sun_bxsncwltwrecpefm.png,42,0.5714285714285715,0.6428571428571429,0.07142857142857142,27,15,3,39,120,11,9,14,106
sun_bxsxinaguigskimz.png,50,0.5599999999999999,0.72,0.16,36,14,8,42,109,9,4,15,94
sun_bxtfzakpnwrxhxcq.png,43,0.6046511627906976,0.7674418604651163,0.16279069767441862,33,10,7,36,92,7,2,16,76
sun_bxuwcfqmsdfjijpn.png,48,0.7083333333333334,0.7708333333333334,0.0625,37,11,3,45,99,9,3,9,90
sun_bxvccutjdzbutrdo.png,39,0.5384615384615384,0.717948717948718,0.1794871794871795,28,11,7,32,98,11,1,15,83
sun_bxvdohnrocruslcu.png,49,0.7959183673469388,0.8367346938775511,0.04081632653061224,41,8,2,47,90,14,3,0,90
sun_bxxxflrbyhbakacb.png,38,0.8157894736842105,0.9210526315789473,0.10526315789473684,35,3,4,34,94,11,3,8,86
sun_bxydcehekhmpvpmh.png,44,0.5227272727272727,0.6818181818181818,0.1590909090909091,30,14,7,37,103,7,4,16,87
sun_bxzfuarhmdlojhgj.png,47,0.553191489361702,0.6595744680851063,0.10638297872340426,31,16,5,42,111,5,7,15,96
sun_bxzvcqppmizkmxgr.png,46,0.4782608695652174,0.6521739130434783,0.17391304347826086,30,16,8,38,115,6,5,23,92
sun_bxzxvpxabkqegbmz.png,41,0.6097560975609757,0.6829268292682927,0.07317073170731707,28,13,3,38,106,7,1,11,95
sun_bxzzutfjxdmvpwcn.png,38,0.5,0.6842105263157895,0.18421052631578946,26,12,7,31,101,7,6,10,91
sun_bybwwggbjkvmvvsk.png,36,0.6666666666666667,0.8333333333333334,0.16666666666666666,30,6,6,30,98,8,5,5,93
sun_bybymzvbxgvcrwgn.png,42,0.7142857142857142,0.8571428571428571,0.14285714285714285,36,6,6,36,100,7,1,13,87
sun_bycsfdyqiurvjyer.png,41,0.6097560975609756,0.8292682926829268,0.21951219512195122,34,7,9,32,103,10,3,21,82
sun_bydcaakthxrsxfui.png,33,0.6060606060606061,0.8181818181818182,0.21212121212121213,27,6,7,26,110,12,2,17,93
sun_byegvlxnjtnjachb.png,45,0.7333333333333334,0.9555555555555556,0.2222222222222222,43,2,10,35,97,9,2,24,73
sun_byfffdwqltqvkulk.png,39,0.5897435897435896,0.8205128205128205,0.23076923076923078,32,7,9,30,87,5,3,7,80
sun_byhcvjxqnxhccxyk.png,44,0.8181818181818181,0.8863636363636364,0.06818181818181818,39,5,3,41,94,11,1,17,77
sun_byhsmspbuhedbgpq.png,50,0.64,0.74,0.1,37,13,5,45,102,5,7,13,89
sun_byhztyvzwhsmkkhh.png,44,0.5,0.6590909090909091,0.1590909090909091,29,15,7,37,111,7,6,24,87
sun_byjevguiiqilawju.png,36,0.5833333333333334,0.75,0.16666666666666666,27,9,6,30,104,8,2,13,91
sun_byjyynfdylobvlmb.png,44,0.7954545454545455,0.8409090909090909,0.045454545454545456,37,7,2,42,91,2,4,11,80
sun_bykmfkghgnpgwthd.png,39,0.6923076923076923,0.717948717948718,0.02564102564102564,28,11,1,38,119,13,5,15,104
sun_bykulylhgrhjezbh.png,49,0.673469387755102,0.7959183673469388,0.12244897959183673,39,10,6,43,114,12,4,6,108
sun_bylzknmbiopycyev.png,45,0.6,0.7333333333333333,0.13333333333333333,33,12,6,39,111,10,6,16,95
sun_bynznvdclrjaxpzk.png,32,0.71875,0.8125,0.09375,26,6,3,29,98,7,2,10,88
sun_byockeznxqmczqek.png,32,0.59375,0.71875,0.125,23,9,4,28,126,13,4,16,110
sun_byozqtwkrnkzxaoq.png,51,0.7843137254901961,0.7843137254901961,0.0,40,11,0,51,87,5,1,3,84
sun_bypboapkrbtrmxqn.png,45,0.5777777777777777,0.7333333333333333,0.15555555555555556,33,12,7,38,91,5,3,8,83
sun_byprznizglpmyswv.png,53,0.4339622641509434,0.6037735849056604,0.16981132075471697,32,21,9,44,103,10,3,15,88
sun_byqkwwucryiwcxff.png,57,0.5087719298245614,0.7894736842105263,0.2807017543859649,45,12,16,41,105,14,5,18,87
sun_bysmbncykvciuqsg.png,41,0.5853658536585366,0.6341463414634146,0.04878048780487805,26,15,2,39,109,7,8,6,103
sun_bysogjpucwrlcyvq.png,55,0.7999999999999999,0.8727272727272727,0.07272727272727272,48,7,4,51,100,11,3,6,94
sun_byujwnqthoewfezt.png,58,0.810344827586207,0.8448275862068966,0.034482758620689655,49,9,2,56,95,10,2,2,93
sun_byukalphpsagnwum.png,32,0.6875,0.8125,0.125,26,6,4,28,104,11,4,9,95
sun_byusctchbivutqxd.png,47,0.44680851063829785,0.6170212765957447,0.1702127659574468,29,18,8,39,103,12,3,13,90
sun_byvccfndmyaiueas.png,54,0.6666666666666667,0.8518518518518519,0.18518518518518517,46,8,10,44,91,11,3,16,75
sun_bywesmbaobiovqrr.png,38,0.6578947368421053,0.8157894736842105,0.15789473684210525,31,7,6,32,101,7,2,27,74
sun_bywnkdrfibdahtcw.png,47,0.6170212765957447,0.7872340425531915,0.1702127659574468,37,10,8,39,93,10,2,21,72
sun_byxjhxcvkgccckaf.png,47,0.7446808510638298,0.8085106382978723,0.06382978723404255,38,9,3,44,96,7,2,17,79
sun_byyajrvjnpnuopdi.png,44,0.75,0.7727272727272727,0.022727272727272728,34,10,1,43,99,7,4,12,87
sun_byyaxeluotynvysz.png,40,0.525,0.675,0.15,27,13,6,34,100,9,4,16,84
sun_byyoxsewzibkaswg.png,51,0.7647058823529411,0.9019607843137255,0.13725490196078433,46,5,7,44,103,10,3,13,90
sun_byyxvtxlqfyyfxsp.png,46,0.7608695652173914,0.7608695652173914,0.0,35,11,0,46,97,6,1,11,86
sun_byzweiouhvtofjlh.png,48,0.5833333333333333,0.6041666666666666,0.020833333333333332,29,19,1,47,103,8,2,7,96
sun_bzahmkxztgfcmrot.png,50,0.62,0.76,0.14,38,12,7,43,101,8,2,7,94
sun_bzayvogardiuufor.png,44,0.75,0.7954545454545454,0.045454545454545456,35,9,2,42,98,9,2,8,90
sun_bzcntuzwagwdrkrp.png,42,0.6904761904761905,0.7857142857142857,0.09523809523809523,33,9,4,38,93,10,0,20,73
sun_bzdfeubmpjrwxyxa.png,49,0.6938775510204083,0.8367346938775511,0.14285714285714285,41,8,7,42,99,8,4,15,84
sun_bzdjhdkiwuqogghf.png,45,0.711111111111111,0.8222222222222222,0.1111111111111111,37,8,5,40,102,11,5,4,98
sun_bzdkfldkgqsowutt.png,47,0.425531914893617,0.6170212765957447,0.19148936170212766,29,18,9,38,116,9,4,19,97
sun_bzdsiiquwuhojhsa.png,51,0.7254901960784313,0.7843137254901961,0.058823529411764705,40,11,3,48,116,8,1,7,109
sun_bzfnrusonorlauzf.png,40,0.8,0.875,0.075,35,5,3,37,108,7,4,13,95
sun_bzgdmyokbhheseag.png,46,0.7391304347826088,0.782608695652174,0.043478260869565216,36,10,2,44,78,4,3,9,69
sun_bzgsruvnegugrqqj.png,44,0.7045454545454546,0.7727272727272727,0.06818181818181818,34,10,3,41,108,8,3,4,104
sun_bzhbdnudcfjlvhhk.png,59,0.5423728813559322,0.559322033898305,0.01694915254237288,33,26,1,58,99,5,4,11,88
sun_bzhfdxloamvbiksz.png,40,0.6499999999999999,0.825,0.175,33,7,7,33,121,11,4,20,101
sun_bzhkhxzgdhwovlbc.png,43,0.5813953488372092,0.7209302325581395,0.13953488372093023,31,12,6,37,88,4,3,9,79
sun_bzhtawtcwvarqfly.png,56,0.3928571428571428,0.5714285714285714,0.17857142857142858,32,24,10,46,112,8,4,17,95
sun_bzixvwoukasxltwi.png,45,0.7777777777777777,0.8888888888888888,0.1111111111111111,40,5,5,40,101,9,4,14,87
sun_bzjljcrmqlmawtbm.png,42,0.6666666666666667,0.8333333333333334,0.16666666666666666,35,7,7,35,92,8,3,18,74
sun_bzjrqwjgfkzqzxko.png,43,0.7209302325581395,0.7441860465116279,0.023255813953488372,32,11,1,42,111,8,3,13,98
sun_bzjswslsonqoruvh.png,36,0.5,0.5555555555555556,0.05555555555555555,20,16,2,34,96,9,2,5,91
sun_bzjwnsnlbvaoqswg.png,44,0.5454545454545454,0.7954545454545454,0.25,35,9,11,33,108,9,2,29,79
sun_bzkcvrskrmuqjlhh.png,35,0.7714285714285714,0.8571428571428571,0.08571428571428572,30,5,3,32,108,15,6,14,94
sun_bzktlbbwtskelqxn.png,54,0.6851851851851851,0.7962962962962963,0.1111111111111111,43,11,6,48,99,10,3,24,75
sun_bzlbrzrmyhczyxbt.png,50,0.52,0.78,0.26,39,11,13,37,113,16,1,29,84
sun_bzmhfxaufoqjxrxg.png,49,0.5102040816326531,0.6122448979591837,0.10204081632653061,30,19,5,44,95,8,4,7,88
sun_bzmseudgfbgvvfds.png,55,0.5454545454545454,0.6545454545454545,0.10909090909090909,36,19,6,49,103,7,6,8,95
sun_bznefxvocwpgimko.png,54,0.8333333333333334,0.9259259259259259,0.09259259259259259,50,4,5,49,120,13,7,17,103
sun_bzphvplujtqppajx.png,45,0.6444444444444444,0.7555555555555555,0.1111111111111111,34,11,5,40,97,13,4,20,77
sun_bzpjfetivojhplyc.png,51,0.5490196078431372,0.6078431372549019,0.058823529411764705,31,20,3,48,108,10,8,18,90
sun_bzposwfhbrlamgug.png,46,0.6521739130434783,0.8260869565217391,0.17391304347826086,38,8,8,38,92,7,1,15,77
sun_bzrclvbqxbfvqaae.png,34,0.5,0.6470588235294118,0.14705882352941177,22,12,5,29,89,7,2,15,74
sun_bzrdasjymsqeuhei.png,49,0.6938775510204082,0.7346938775510204,0.04081632653061224,36,13,2,47,97,12,0,8,89
sun_bzskkbpdayjlqhjm.png,49,0.653061224489796,0.8163265306122449,0.16326530612244897,40,9,8,41,96,7,2,9,87
sun_bzswqviottpkgrhy.png,32,0.78125,0.84375,0.0625,27,5,2,30,96,10,1,12,84
sun_bztinnbpwuvzrrmn.png,52,0.7307692307692307,0.75,0.019230769230769232,39,13,1,51,88,9,1,10,78
sun_bzumhtdauolwwpld.png,46,0.4782608695652174,0.6739130434782609,0.1956521739130435,31,15,9,37,95,4,4,4,91
sun_bzutnrrxuaaxkcjo.png,51,0.8235294117647058,0.9411764705882353,0.11764705882352941,48,3,6,45,99,15,4,14,85
sun_bzvdvlppoitgqmmy.png,39,0.5641025641025641,0.6666666666666666,0.10256410256410256,26,13,4,35,114,8,7,23,91
sun_bzvldfwaopjftans.png,41,0.5853658536585366,0.7560975609756098,0.17073170731707318,31,10,7,34,99,11,5,14,85
sun_bzwymbcoqqufdyfl.png,46,0.6956521739130436,0.7608695652173914,0.06521739130434782,35,11,3,43,91,4,3,11,80
sun_bzzhcxocqdbmqtdt.png,48,0.7083333333333334,0.8125,0.10416666666666667,39,9,5,43,108,5,3,12,96
sun_bzzorzbarvqzfkkt.png,47,0.8085106382978724,0.8723404255319149,0.06382978723404255,41,6,3,44,101,8,1,16,85
sun_bzzthycspumivnin.png,46,0.6086956521739131,0.6739130434782609,0.06521739130434782,31,15,3,43,101,9,0,3,98
sun_cccvqprfrvymesmn.png,54,0.5740740740740742,0.6111111111111112,0.037037037037037035,33,21,2,52,112,7,7,7,105
sun_cdzoksnyawnhcvzs.png,49,0.8979591836734694,0.9591836734693877,0.061224489795918366,47,2,3,46,94,14,0,9,85
sun_cfsknrqkwoyyclpl.png,57,0.7719298245614035,0.8947368421052632,0.12280701754385964,51,6,7,50,121,15,3,16,105
sun_cgnmkviqglhcpzgw.png,42,0.7142857142857143,0.8095238095238095,0.09523809523809523,34,8,4,38,112,14,5,8,104
sun_cgyortwapwxnacmd.png,40,0.4,0.525,0.125,21,19,5,35,109,5,6,6,103
sun_chuazffleeodtpgr.png,42,0.5476190476190477,0.7142857142857143,0.16666666666666666,30,12,7,35,114,11,5,12,102
sun_cjjjphyiodovbwdc.png,44,0.7045454545454546,0.7727272727272727,0.06818181818181818,34,10,3,41,103,8,2,11,92
sun_ckhkdzmhpitbkdkc.png,40,0.625,0.675,0.05,27,13,2,38,97,4,3,9,88
sun_cmfyjyeuqorkjoey.png,35,0.48571428571428577,0.7142857142857143,0.22857142857142856,25,10,8,27,97,12,4,21,76
sun_cmpwrjljmpxaomfi.png,38,0.6578947368421053,0.7894736842105263,0.13157894736842105,30,8,5,33,120,16,6,11,109
sun_cpimlwoyxuicmstq.png,61,0.6229508196721312,0.6721311475409836,0.04918032786885246,41,20,3,58,104,8,5,6,98
sun_cptzeidnpvcnvmys.png,50,0.48,0.74,0.26,37,13,13,37,102,14,4,19,83
sun_cskokqhzpqyarpwd.png,44,0.5909090909090908,0.7954545454545454,0.20454545454545456,35,9,9,35,106,14,2,13,93
sun_cuvtskjmxuxtdwbh.png,49,0.5306122448979591,0.673469387755102,0.14285714285714285,33,16,7,42,83,7,1,6,77
sun_cvxktxkdcvptovgn.png,53,0.6226415094339623,0.8113207547169812,0.18867924528301888,43,10,10,43,100,12,6,14,86
sun_cxhxnewsznefrric.png,38,0.631578947368421,0.7105263157894737,0.07894736842105263,27,11,3,35,107,13,2,10,97
sun_cyebodmshcmilxea.png,42,0.8333333333333334,0.8333333333333334,0.0,35,7,0,42,105,8,4,5,100
sun_cymcacucrlgcjkhm.png,35,0.7142857142857143,0.7714285714285715,0.05714285714285714,27,8,2,33,92,6,0,10,82
sun_daitsuznrfrnugms.png,49,0.3469387755102041,0.6938775510204082,0.3469387755102041,34,15,17,32,107,14,4,23,84
sun_davdbpevggahgxsj.png,46,0.5434782608695652,0.6956521739130435,0.15217391304347827,32,14,7,39,99,4,1,16,83
sun_daxbgqevqutlmehh.png,47,0.8297872340425532,0.9361702127659575,0.10638297872340426,44,3,5,42,102,6,3,20,82
sun_dbmzuhirhecedufl.png,42,0.7619047619047619,0.7619047619047619,0.0,32,10,0,42,92,11,7,6,86
sun_ddcfwwvqwxhasoua.png,52,0.7884615384615384,0.8461538461538461,0.057692307692307696,44,8,3,49,88,9,3,3,85
sun_ddmiyazycvsbmjoh.png,51,0.6078431372549019,0.7647058823529411,0.1568627450980392,39,12,8,43,113,12,6,16,97
sun_ddtuouqwukxkklpi.png,53,0.6037735849056604,0.7169811320754716,0.11320754716981132,38,15,6,47,101,11,6,4,97
sun_ddywllhqorplbjls.png,42,0.40476190476190477,0.6190476190476191,0.21428571428571427,26,16,9,33,104,7,5,5,99
sun_decjoqzzrkluvevr.png,40,0.775,0.875,0.1,35,5,4,36,96,9,2,12,84
sun_deqpywsildqkdkcg.png,46,0.47826086956521735,0.5434782608695652,0.06521739130434782,25,21,3,43,97,3,5,9,88
sun_detmwwvooyqdpexe.png,45,0.6,0.7777777777777778,0.17777777777777778,35,10,8,37,87,9,3,13,74
sun_dfwoggfqhfckjmhn.png,38,0.8157894736842106,0.868421052631579,0.05263157894736842,33,5,2,36,79,7,2,8,71
sun_dhgvkvyhrycxxwbn.png,50,0.38,0.5,0.12,25,25,6,44,93,5,2,8,85
sun_dhildmntuoxkhocv.png,47,0.7446808510638299,0.8723404255319149,0.1276595744680851,41,6,6,41,109,7,4,8,101
sun_dhwkapupjcpmroev.png,46,0.8260869565217391,0.8913043478260869,0.06521739130434782,41,5,3,43,104,11,4,5,99
sun_diinfmuwcpwhadpt.png,55,0.7636363636363637,0.8909090909090909,0.12727272727272726,49,6,7,48,115,16,2,16,99
sun_diosfgmekdqexyyp.png,50,0.62,0.76,0.14,38,12,7,43,103,6,5,16,87
sun_dizqbbolyzzexhja.png,42,0.6666666666666667,0.8333333333333334,0.16666666666666666,35,7,7,35,109,7,3,21,88
sun_dktnxnesgicnwrmc.png,36,0.7777777777777777,0.8888888888888888,0.1111111111111111,32,4,4,32,99,8,2,11,88
sun_dlcwhwgzotvlyiol.png,42,0.6428571428571428,0.7619047619047619,0.11904761904761904,32,10,5,37,90,8,1,12,78
sun_dlggzcfchdtzexii.png,41,0.7073170731707317,0.8292682926829268,0.12195121951219512,34,7,5,36,99,11,1,16,83
sun_dlmfyrpsqjhqsomf.png,54,0.7962962962962963,0.8333333333333334,0.037037037037037035,45,9,2,52,86,8,1,8,78
sun_dlnxgvumnmlmgbzi.png,50,0.6200000000000001,0.8,0.18,40,10,9,41,118,11,2,23,95
sun_doyffalaqcbvjmzn.png,44,0.75,0.9090909090909091,0.1590909090909091,40,4,7,37,78,10,1,12,66
sun_dpsfnbvpszeebnam.png,49,0.7551020408163265,0.8775510204081632,0.12244897959183673,43,6,6,43,106,9,2,16,90
sun_dqcpslbsbuellmog.png,55,0.4545454545454546,0.7090909090909091,0.2545454545454545,39,16,14,41,79,8,3,14,65
sun_dqtzlmlpfyrgslbp.png,54,0.7407407407407407,0.7962962962962963,0.05555555555555555,43,11,3,51,87,7,1,7,80
sun_dsawxouojbodegxw.png,49,0.6122448979591837,0.8775510204081632,0.2653061224489796,43,6,13,36,101,6,3,12,89
sun_dsqsjtzzjcmtcczd.png,50,0.92,0.92,0.0,46,4,0,50,89,10,3,5,84
sun_dtnzywaisgvniooe.png,35,0.7428571428571429,0.9142857142857143,0.17142857142857143,32,3,6,29,106,10,1,19,87
sun_dtomtzsvreainpag.png,40,0.425,0.625,0.2,25,15,8,32,98,9,7,17,81
sun_dtrozscrcpmbecnc.png,51,0.6470588235294117,0.7254901960784313,0.0784313725490196,37,14,4,47,100,12,3,9,91
sun_dtxwewqpyrtlnlqp.png,48,0.5416666666666666,0.7291666666666666,0.1875,35,13,9,39,100,9,3,18,82
sun_dulvxrqyvtbyxekb.png,48,0.7291666666666667,0.7708333333333334,0.041666666666666664,37,11,2,46,105,5,6,3,102
sun_duzppdtyladxieiq.png,41,0.7317073170731707,0.7804878048780488,0.04878048780487805,32,9,2,39,100,9,4,11,89
sun_dvepclpcmqjjcuqo.png,52,0.6346153846153846,0.8461538461538461,0.21153846153846154,44,8,11,41,89,10,5,25,64
sun_dvstfjpskuyhigjy.png,47,0.8085106382978724,0.9361702127659575,0.1276595744680851,44,3,6,41,101,12,1,22,79
sun_dwbgpjdqastrcbkc.png,50,0.62,0.76,0.14,38,12,7,43,108,11,2,10,98
sun_dywoyueatmitzmla.png,50,0.88,0.92,0.04,46,4,2,48,103,9,0,6,97
sun_dzeksjrfwissivee.png,40,0.75,0.8,0.05,32,8,2,38,98,5,4,12,86
sun_dzjahlyxdmctyola.png,44,0.6590909090909091,0.7954545454545454,0.13636363636363635,35,9,6,38,95,8,6,20,75
